1:ItNr	2:Metric	3a:Time	3b:StepSize	4:||Gradient||	Time[ms]
0	-0.165067	0.000000	107.195318	0.003568	9.8
1	-0.162821	0.000000	107.195318	0.002841	1.1
2	-0.166033	0.000000	107.195318	0.002692	1.0
3	-0.169730	0.000000	107.195318	0.002784	1.0
4	-0.171560	0.000000	107.195318	0.002981	1.0
5	-0.173528	0.000000	107.195318	0.003274	1.0
6	-0.175703	0.000000	107.195318	0.003606	1.0
7	-0.179985	0.000000	107.195318	0.003970	1.1
8	-0.179222	0.000000	107.195318	0.004120	1.1
9	-0.181839	0.000000	107.195318	0.004202	1.0
10	-0.184431	0.000000	107.195318	0.006461	1.0
11	-0.191240	0.000000	107.195318	0.007086	1.1
12	-0.200940	0.000000	107.195318	0.007126	1.0
13	-0.207541	0.000000	107.195318	0.005210	1.1
14	-0.208157	0.000000	107.195318	0.004738	1.1
15	-0.202072	0.000000	107.195318	0.003912	1.0
16	-0.203635	0.000000	107.195318	0.003610	1.1
17	-0.205030	0.000000	107.195318	0.003656	1.1
18	-0.206518	0.000000	107.195318	0.004002	1.1
19	-0.208377	0.000000	107.195318	0.004739	1.0
20	-0.211049	0.000000	107.195318	0.005793	1.1
21	-0.216867	0.000000	107.195318	0.006596	1.1
22	-0.223374	0.000000	107.195318	0.006279	1.0
23	-0.231059	0.000000	107.195318	0.005596	1.1
24	-0.229864	0.000000	107.195318	0.006002	1.0
25	-0.232089	0.000000	107.195318	0.004638	1.0
26	-0.225227	0.000000	107.195318	0.006825	1.0
27	-0.227350	0.000000	107.195318	0.008101	1.1
28	-0.226564	0.000000	107.195318	0.009109	1.0
29	-0.235605	0.000000	107.195318	0.010128	1.0
30	-0.246728	0.000000	107.195318	0.009566	1.0
31	-0.257504	0.000000	107.195318	0.009716	1.1
32	-0.267619	0.000000	107.195318	0.010783	1.1
33	-0.281928	0.000000	107.195318	0.010647	1.1
34	-0.293893	0.000000	107.195318	0.010483	1.1
35	-0.302984	0.000000	107.195318	0.010275	1.1
36	-0.313813	0.000000	107.195318	0.012538	1.1
37	-0.330170	0.000000	107.195318	0.010626	1.1
38	-0.332322	0.000000	107.195318	0.007752	1.1
39	-0.332640	0.000000	107.195318	0.009627	1.1
40	-0.343155	0.000000	107.195318	0.014283	1.1
41	-0.365520	0.000000	107.195318	0.012574	1.1
42	-0.379153	0.000000	107.195318	0.005622	1.1
43	-0.381656	0.000000	107.195318	0.005706	1.1
44	-0.389286	0.000000	107.195318	0.005430	1.1
45	-0.390372	0.000000	107.195318	0.003821	1.1
46	-0.393332	0.000000	107.195318	0.003899	1.1
47	-0.397815	0.000000	107.195318	0.004257	1.1
48	-0.403742	0.000000	107.195318	0.004893	1.2
49	-0.410179	0.000000	107.195318	0.005503	1.1
50	-0.414766	0.000000	107.195318	0.005829	1.1
51	-0.421481	0.000000	107.195318	0.005867	1.1
52	-0.428100	0.000000	107.195318	0.006102	1.1
53	-0.435814	0.000000	107.195318	0.006977	1.1
54	-0.438690	0.000000	107.195318	0.009911	1.1
55	-0.451806	0.000000	107.195318	0.009667	1.1
56	-0.463386	0.000000	107.195318	0.009550	1.1
57	-0.472724	0.000000	107.195318	0.004548	1.1
58	-0.474855	0.000000	107.195318	0.002570	1.1
59	-0.476151	0.000000	107.195318	0.002285	1.1
60	-0.477633	0.000000	107.195318	0.001955	1.1
61	-0.478426	0.000000	107.195318	0.001950	1.1
62	-0.478613	0.000000	107.195318	0.001837	1.1
63	-0.480240	0.000000	107.195318	0.001709	1.1
64	-0.479708	0.000000	107.195318	0.001572	1.1
65	-0.480188	0.000000	107.195318	0.001664	1.1
66	-0.481752	0.000000	107.195318	0.001462	1.1
67	-0.480883	0.000000	107.195318	0.001523	1.1
68	-0.481561	0.000000	107.195318	0.001487	1.1
69	-0.481510	0.000000	107.195318	0.001607	1.1
70	-0.481537	0.000000	107.195318	0.002001	1.1
71	-0.481035	0.000000	107.195318	0.001541	1.1
72	-0.481139	0.000000	107.195318	0.002628	1.1
73	-0.481409	0.000000	107.195318	0.003239	1.1
74	-0.481849	0.000000	107.195318	0.003562	1.1
75	-0.481948	0.000000	107.195318	0.003744	1.1
76	-0.483172	0.000000	107.195318	0.003904	1.1
77	-0.483421	0.000000	107.195318	0.003242	1.1
78	-0.484791	0.000000	107.195318	0.003404	1.0
79	-0.484847	0.000000	107.195318	0.003466	1.1
80	-0.485035	0.000000	107.195318	0.004907	1.0
81	-0.488711	0.000000	107.195318	0.004949	1.1
82	-0.491068	0.000000	107.195318	0.004574	1.0
83	-0.489607	0.000000	107.195318	0.005388	1.1
84	-0.493397	0.000000	107.195318	0.007308	1.1
85	-0.507291	0.000000	107.195318	0.007447	1.0
86	-0.521453	0.000000	107.195318	0.006345	1.1
87	-0.505311	0.000000	107.195318	0.003912	1.1
88	-0.519907	0.000000	107.195318	0.002602	1.1
89	-0.523178	0.000000	107.195318	0.003571	1.1
90	-0.513621	0.000000	107.195318	0.003473	1.1
91	-0.517000	0.000000	107.195318	0.003306	1.1
92	-0.518013	0.000000	107.195318	0.003649	1.1
93	-0.517050	0.000000	107.195318	0.004456	1.1
94	-0.517622	0.000000	107.195318	0.005156	1.1
95	-0.516548	0.000000	107.195318	0.003036	1.0
96	-0.518093	0.000000	107.195318	0.002456	1.1
97	-0.519134	0.000000	107.195318	0.001360	1.0
98	-0.519287	0.000000	107.195318	0.000951	1.1
99	-0.519344	0.000000	107.195318	0.000934	1.1
100	-0.520567	0.000000	107.195318	0.001872	1.1
101	-0.520057	0.000000	107.195318	0.001880	1.1
102	-0.520777	0.000000	107.195318	0.001381	1.0
103	-0.521164	0.000000	107.195318	0.001231	1.1
104	-0.521474	0.000000	107.195318	0.001129	1.1
105	-0.521719	0.000000	107.195318	0.001001	1.1
106	-0.521953	0.000000	107.195318	0.000941	1.1
107	-0.522166	0.000000	107.195318	0.000934	1.0
108	-0.524185	0.000000	107.195318	0.001084	1.1
109	-0.522516	0.000000	107.195318	0.000924	1.1
110	-0.523653	0.000000	107.195318	0.001036	1.1
111	-0.523800	1.000000	102.322804	0.001417	1.1
112	-0.522878	0.990000	102.369336	0.001276	1.1
113	-0.526010	1.990000	97.916559	0.001466	1.1
114	-0.526259	2.990000	93.835002	0.001125	1.1
115	-0.527452	2.980000	93.874132	0.001298	1.1
116	-0.526553	2.970000	93.913295	0.001156	1.0
117	-0.527828	2.960000	93.952491	0.000929	1.1
118	-0.527994	2.950000	93.991720	0.000808	1.1
119	-0.527028	2.940000	94.030981	0.000634	1.0
120	-0.528261	2.930000	94.070275	0.000710	1.1
121	-0.527253	2.920000	94.109602	0.000511	1.1
122	-0.527343	2.910000	94.148962	0.000612	1.1
123	-0.528594	2.900000	94.188355	0.000658	1.1
124	-0.527550	2.890000	94.227781	0.000530	1.1
125	-0.527640	2.880000	94.267240	0.000523	1.2
126	-0.528901	2.870000	94.306732	0.000632	1.1
127	-0.529018	2.860000	94.346257	0.000572	1.0
128	-0.527931	2.850000	94.385815	0.000488	1.1
129	-0.529189	2.840000	94.425407	0.000575	1.1
130	-0.529289	2.830000	94.465031	0.000585	1.1
131	-0.529395	2.820000	94.504689	0.000610	1.1
132	-0.529222	2.810000	94.544380	0.000626	1.1
133	-0.529344	2.800000	94.584105	0.000663	1.1
134	-0.529475	2.790000	94.623863	0.000721	1.1
135	-0.529620	2.780000	94.663654	0.000788	1.0
136	-0.529782	2.770000	94.703479	0.000834	1.1
137	-0.529630	2.760000	94.743337	0.000929	1.1
138	-0.529823	2.750000	94.783229	0.000938	1.1
139	-0.530023	2.740000	94.823155	0.001012	1.1
140	-0.529875	2.730000	94.863114	0.001102	1.1
141	-0.530118	2.720000	94.903107	0.001175	1.1
142	-0.530374	2.710000	94.943134	0.001183	1.1
143	-0.530622	2.700000	94.983194	0.001222	1.1
144	-0.530374	2.690000	95.023288	0.001521	1.1
145	-0.529961	2.680000	95.063416	0.001521	1.1
146	-0.530340	2.670000	95.103578	0.001577	1.2
147	-0.529757	2.660000	95.143774	0.001629	1.1
148	-0.530076	2.650000	95.184004	0.001572	1.1
149	-0.530045	2.640000	95.224268	0.001521	1.1
150	-0.530417	2.630000	95.264566	0.001588	1.1
151	-0.530009	2.620000	95.304899	0.001438	1.1
152	-0.529574	2.610000	95.345265	0.001367	1.1
153	-0.529083	2.600000	95.385665	0.001223	1.0
154	-0.529581	2.590000	95.426100	0.001171	1.1
155	-0.529561	2.580000	95.466569	0.000987	1.1
156	-0.529482	2.570000	95.507073	0.000849	1.1
157	-0.529609	2.560000	95.547611	0.000633	1.1
158	-0.529070	2.550000	95.588183	0.000771	1.1
159	-0.529223	2.540000	95.628790	0.000936	1.1
160	-0.529401	2.530000	95.669431	0.000892	1.1
161	-0.529561	2.520000	95.710107	0.000837	1.1
162	-0.529704	2.510000	95.750817	0.000792	1.1
163	-0.529835	2.500000	95.791562	0.000734	1.1
164	-0.529955	2.490000	95.832342	0.000811	1.1
165	-0.530082	2.480000	95.873156	0.000651	1.1
166	-0.530194	2.470000	95.914006	0.000617	1.1
167	-0.530297	2.460000	95.954890	0.000595	1.1
168	-0.529799	2.450000	95.995809	0.000632	1.1
169	-0.530259	2.440000	96.036762	0.000680	1.1
170	-0.530398	2.430000	96.077751	0.000713	1.1
171	-0.530642	2.420000	96.118775	0.000698	1.0
172	-0.530977	2.410000	96.159834	0.000604	1.1
173	-0.531067	2.400000	96.200928	0.000533	1.1
174	-0.531144	2.390000	96.242057	0.000507	1.1
175	-0.531214	2.380000	96.283221	0.000445	1.1
176	-0.531277	2.370000	96.324421	0.000433	1.1
177	-0.531784	2.360000	96.365656	0.000398	1.1
178	-0.531843	2.350000	96.406926	0.000511	1.1
179	-0.531926	2.340000	96.448231	0.000652	1.1
180	-0.532035	2.330000	96.489572	0.000579	1.1
181	-0.532138	2.320000	96.530948	0.000537	1.1
182	-0.532180	2.310000	96.572360	0.000589	1.1
183	-0.532309	2.300000	96.613808	0.000548	1.0
184	-0.532423	2.290000	96.655291	0.000498	1.1
185	-0.532521	2.280000	96.696809	0.000503	1.1
186	-0.532902	2.270000	96.738364	0.000483	1.1
187	-0.532988	2.260000	96.779954	0.000478	1.1
188	-0.533074	2.250000	96.821579	0.000630	1.1
189	-0.533192	2.240000	96.863241	0.000795	1.0
190	-0.533711	2.230000	96.904938	0.000751	1.1
191	-0.533850	2.220000	96.946672	0.000745	1.2
192	-0.533983	2.210000	96.988441	0.000709	1.1
193	-0.534006	2.200000	97.030247	0.000578	1.1
194	-0.534097	2.190000	97.072088	0.000571	1.1
195	-0.533804	2.180000	97.113966	0.000568	1.1
196	-0.533889	2.170000	97.155879	0.000712	1.1
197	-0.533996	2.160000	97.197829	0.000689	1.1
198	-0.534097	2.150000	97.239815	0.000715	1.1
199	-0.534196	2.140000	97.281838	0.000681	1.1
200	-0.534284	2.130000	97.323896	0.000630	1.1
201	-0.534468	2.120000	97.365992	0.000609	1.1
202	-0.534539	2.110000	97.408123	0.000597	1.1
203	-0.534607	2.100000	97.450291	0.000591	1.1
204	-0.534674	2.090000	97.492496	0.000715	1.1
205	-0.534751	2.080000	97.534737	0.000750	1.1
206	-0.534833	2.070000	97.577015	0.000765	1.1
207	-0.534912	2.060000	97.619329	0.000749	1.0
208	-0.534986	2.050000	97.661680	0.000726	1.1
209	-0.535053	2.040000	97.704068	0.000702	1.1
210	-0.535116	2.030000	97.746493	0.000699	1.1
211	-0.535174	2.020000	97.788954	0.000650	1.0
212	-0.535224	2.010000	97.831453	0.000589	1.1
213	-0.535260	2.000000	97.873988	0.001499	1.1
214	-0.535248	1.990000	97.916561	0.000731	1.1
215	-0.535425	2.990000	93.835003	0.000720	1.1
216	-0.535451	2.980000	93.874134	0.002118	1.1
217	-0.535903	3.980000	90.116162	0.000823	1.1
218	-0.535968	4.980000	86.647488	0.000793	1.1
219	-0.535662	4.970000	86.680852	0.000702	1.1
220	-0.535692	4.960000	86.714242	0.001605	1.1
221	-0.536037	5.960000	83.497838	0.000788	1.1
222	-0.536086	6.960000	80.511507	0.000666	1.1
223	-0.536074	6.950000	80.540312	0.003073	1.1
224	-0.535973	7.950000	77.758263	0.000998	1.1
225	-0.536049	8.950000	75.161994	0.000820	1.1
226	-0.536100	8.940000	75.187098	0.000658	1.1
227	-0.536133	8.930000	75.212219	0.000587	1.1
228	-0.536136	8.920000	75.237357	0.001808	1.1
229	-0.536119	9.920000	72.804066	0.000792	1.1
230	-0.536163	10.920000	70.523237	0.000752	1.1
231	-0.536136	10.910000	70.545338	0.003347	1.1
232	-0.536040	11.910000	68.401754	0.000980	1.1
233	-0.536108	12.910000	66.384598	0.000897	1.1
234	-0.536162	12.900000	66.404181	0.000786	1.1
235	-0.536205	12.890000	66.423775	0.000720	1.1
236	-0.536227	12.880000	66.443380	0.001480	1.1
237	-0.536537	12.870000	66.462997	0.000865	1.0
238	-0.536546	13.870000	64.556975	0.002507	1.1
239	-0.536846	14.870000	62.757227	0.000968	1.0
240	-0.536552	15.870000	61.055105	0.000921	1.1
241	-0.536601	15.860000	61.071669	0.000823	1.1
242	-0.536573	15.849999	61.088242	0.003937	1.1
243	-0.536779	16.849999	59.474286	0.001232	1.1
244	-0.536866	17.849999	57.943416	0.001080	1.1
245	-0.536931	17.839999	57.958335	0.000975	1.1
246	-0.536982	17.829999	57.973261	0.000847	1.1
247	-0.536620	17.819999	57.988195	0.004742	1.0
248	-0.536742	18.819999	56.531937	0.001282	1.1
249	-0.536836	19.819999	55.147029	0.001242	1.1
250	-0.536918	19.809999	55.160542	0.001089	1.1
251	-0.536979	19.799999	55.174062	0.001002	1.1
252	-0.537022	19.789999	55.187588	0.001272	1.1
253	-0.537005	20.789999	53.866995	0.000981	1.1
254	-0.537010	21.789999	52.608126	0.002870	1.1
255	-0.536941	22.789999	51.406753	0.001125	1.1
256	-0.537004	23.789999	50.259025	0.000991	1.1
257	-0.537035	23.779999	50.270248	0.001313	1.1
258	-0.537025	24.779999	49.172165	0.000974	1.1
259	-0.537060	25.779999	48.121029	0.000742	1.1
260	-0.537056	26.779999	47.113891	0.000900	1.1
261	-0.537027	27.779999	46.148047	0.004575	1.0
262	-0.536881	28.779999	45.221007	0.001221	1.1
263	-0.536948	29.779999	44.330479	0.001086	1.1
264	-0.537001	29.769999	44.339210	0.001039	1.1
265	-0.537047	29.759999	44.347945	0.000937	1.1
266	-0.537070	29.749999	44.356684	0.001306	1.1
267	-0.537058	30.749999	43.499550	0.000950	1.1
268	-0.537065	31.749999	42.674914	0.002829	1.1
269	-0.537002	32.749999	41.880962	0.001064	1.1
270	-0.537047	33.749999	41.116013	0.000974	1.1
271	-0.537070	33.739999	41.123524	0.001292	1.1
272	-0.537062	34.739999	40.385750	0.000962	1.1
273	-0.537090	35.739999	39.673981	0.000602	1.1
274	-0.537087	36.739999	38.986867	0.000899	1.1
275	-0.537053	37.739999	38.323148	0.004542	1.1
276	-0.536951	38.739999	37.681649	0.001134	1.1
277	-0.536998	39.739999	37.061273	0.001013	1.1
278	-0.537035	39.729999	37.067375	0.000928	1.1
279	-0.537067	39.719999	37.073480	0.000951	1.1
280	-0.537093	39.709999	37.079587	0.001062	1.0
281	-0.537083	40.709999	36.478718	0.000925	1.1
282	-0.537085	41.709999	35.897013	0.002886	1.1
283	-0.537034	42.709999	35.333569	0.000957	1.1
284	-0.537064	43.709999	34.787540	0.000863	1.1
285	-0.537091	43.699999	34.792917	0.000608	1.1
286	-0.537102	43.689999	34.798295	0.000560	1.1
287	-0.537096	43.679999	34.803675	0.001699	1.1
288	-0.537069	44.679999	34.273778	0.000888	1.1
289	-0.537095	45.679999	33.759774	0.000911	1.1
290	-0.537091	45.669999	33.764837	0.004010	1.1
291	-0.537004	46.669999	33.265874	0.001083	1.1
292	-0.537042	47.669999	32.781443	0.000983	1.0
293	-0.537072	47.659999	32.786218	0.000906	1.1
294	-0.537096	47.649999	32.790994	0.000850	1.1
295	-0.537115	47.639999	32.795771	0.000211	1.1
296	-0.537115	47.629999	32.800549	0.001141	1.1
297	-0.537096	48.629999	32.329480	0.000837	1.2
298	-0.537116	49.629999	31.871750	0.000314	1.1
299	-0.537120	49.619999	31.876263	0.000206	1.1
300	-0.537121	49.609999	31.880778	0.000193	1.1
301	-0.537123	49.599999	31.885293	0.000205	1.1
302	-0.537122	49.589999	31.889810	0.001195	1.1
303	-0.537104	50.589999	31.444360	0.000835	1.1
304	-0.537124	51.589999	31.011182	0.000414	1.1
305	-0.537123	51.579999	31.015455	0.000743	1.1
306	-0.537120	52.579999	30.593935	0.000794	1.1
307	-0.537116	53.579999	30.183718	0.001869	1.1
308	-0.537448	54.579999	29.784357	0.000861	1.1
309	-0.537121	55.579999	29.395426	0.000799	1.0
310	-0.537125	55.569999	29.399265	0.001099	1.1
311	-0.537469	56.569999	29.020262	0.000804	1.1
312	-0.537132	57.569999	28.650906	0.001216	1.1
313	-0.537465	58.569999	28.290835	0.000825	1.1
314	-0.537134	59.569999	27.939701	0.000308	1.1
315	-0.537137	59.559999	27.943169	0.000196	1.1
316	-0.537487	59.549999	27.946638	0.000183	1.1
317	-0.537488	59.539999	27.950108	0.000176	1.1
318	-0.537487	59.529999	27.953579	0.001206	1.1
319	-0.537470	60.529999	27.610716	0.000831	1.1
320	-0.537487	61.529999	27.276163	0.000422	1.1
321	-0.537487	61.519999	27.279468	0.000665	1.1
322	-0.537485	62.519999	26.952846	0.000793	1.1
323	-0.537477	63.519999	26.633953	0.001909	1.1
324	-0.537464	64.519999	26.322518	0.000857	1.1
325	-0.537483	65.519999	26.018281	0.000805	1.0
326	-0.537488	65.509999	26.021289	0.000796	1.1
327	-0.537486	66.509999	25.723937	0.000802	1.1
328	-0.537488	67.509999	25.433304	0.001547	1.1
329	-0.537474	68.509999	25.149164	0.000846	1.1
330	-0.537491	69.509999	24.871304	0.000791	1.1
331	-0.537484	69.499999	24.874052	0.002581	1.1
332	-0.537462	70.499999	24.602204	0.000902	1.2
333	-0.537480	71.499999	24.336235	0.000831	1.1
334	-0.537492	71.489999	24.338866	0.001164	1.1
335	-0.537486	72.489999	24.078529	0.000812	1.1
336	-0.537497	73.489999	23.823703	0.000608	1.1
337	-0.537494	74.489999	23.574214	0.000792	1.1
338	-0.537491	75.489999	23.329896	0.001653	1.1
339	-0.537480	76.489999	23.090591	0.000841	1.1
340	-0.537495	77.489999	22.856145	0.000791	1.1
341	-0.537493	77.479999	22.858466	0.001635	1.1
342	-0.537486	78.479999	22.628686	0.000844	1.1
343	-0.537500	79.479999	22.403480	0.000676	1.1
344	-0.537488	79.469999	22.405710	0.001873	1.1
345	-0.537482	80.469999	22.184899	0.000842	1.1
346	-0.537497	81.469999	21.968398	0.000792	1.1
347	-0.537498	81.459999	21.970542	0.000790	1.1
348	-0.537500	82.459999	21.758184	0.000788	1.1
349	-0.537494	83.459999	21.549892	0.001842	1.1
350	-0.537485	84.459999	21.345550	0.000836	1.1
351	-0.537499	85.459999	21.145047	0.000794	1.1
352	-0.537499	85.449999	21.147033	0.001219	1.1
353	-0.537497	86.449999	20.950225	0.000802	1.1
354	-0.537507	87.449999	20.757047	0.000206	1.1
355	-0.537507	87.439999	20.758961	0.001296	1.1
356	-0.537494	88.439999	20.569277	0.000817	1.1
357	-0.537506	89.439999	20.383029	0.000451	1.1
358	-0.537506	89.429999	20.384875	0.000643	1.1
359	-0.537506	90.429999	20.201936	0.000823	1.1
360	-0.537501	91.429999	20.022251	0.001633	1.1
361	-0.537495	92.429999	19.845735	0.000860	1.1
362	-0.537508	93.429999	19.672304	0.000817	1.1
363	-0.537502	93.419999	19.674023	0.002664	1.1
364	-0.537481	94.419999	19.503567	0.000867	1.1
365	-0.537495	95.419999	19.336039	0.000868	1.1
366	-0.537508	95.409999	19.337700	0.000820	1.1
367	-0.537505	95.399999	19.339362	0.001519	1.1
368	-0.537499	96.399999	19.174631	0.000854	1.1
369	-0.537512	97.399999	19.012683	0.000454	1.1
370	-0.537512	97.389999	19.014289	0.000613	1.1
371	-0.537512	98.389999	18.855027	0.000815	1.1
372	-0.537504	99.389999	18.698411	0.001869	1.1
373	-0.537498	100.389999	18.544375	0.000862	1.1
374	-0.537511	101.389999	18.392856	0.000822	1.1
375	-0.537509	101.379999	18.394359	0.001224	1.1
376	-0.537508	102.379999	18.245272	0.000832	1.1
377	-0.537515	103.379999	18.098583	0.001326	1.1
378	-0.537505	104.379999	17.954233	0.000844	1.1
379	-0.537515	105.379999	17.812167	0.000279	1.1
380	-0.537516	105.369999	17.813577	0.000165	1.1
381	-0.537517	105.359999	17.814987	0.000138	1.1
382	-0.537517	105.349999	17.816397	0.000170	1.1
383	-0.537518	105.339999	17.817807	0.000149	1.0
384	-0.537518	105.329999	17.819217	0.001296	1.1
385	-0.537505	106.329999	17.679272	0.000844	1.1
386	-0.537516	107.329999	17.541508	0.000425	1.1
387	-0.537516	107.319999	17.542875	0.000626	1.1
388	-0.537515	108.319999	17.407220	0.000786	1.1
389	-0.537511	109.319999	17.273647	0.001540	1.1
390	-0.537506	110.319999	17.142109	0.000841	1.2
391	-0.537517	111.319999	17.012558	0.000418	1.1
392	-0.537517	111.309999	17.013844	0.000626	1.1
393	-0.537516	112.309999	16.886218	0.000784	1.1
394	-0.537512	113.309999	16.760492	0.001616	1.0
395	-0.537506	114.309999	16.636625	0.000843	1.1
396	-0.537517	115.309999	16.514575	0.000780	1.1
397	-0.537514	115.299999	16.515787	0.000731	1.1
398	-0.537519	116.299999	16.395497	0.000647	1.1
399	-0.537512	117.299999	16.276946	0.001547	1.1
400	-0.537509	118.299999	16.160098	0.000807	1.1
401	-0.537518	119.299999	16.044916	0.000287	1.1
402	-0.537520	119.289999	16.046060	0.000133	1.1
403	-0.537520	119.279999	16.047203	0.000116	1.1
404	-0.537520	119.269999	16.048347	0.000141	1.1
405	-0.537521	119.259999	16.049492	0.000147	1.1
406	-0.537521	119.249999	16.050636	0.000179	1.1
407	-0.537520	119.239999	16.051781	0.001229	1.1
408	-0.537511	120.239999	15.938132	0.000802	1.1
409	-0.537520	121.239999	15.826081	0.000331	1.1
410	-0.537521	121.229999	15.827193	0.000191	1.1
411	-0.537522	121.219999	15.828306	0.000191	1.1
412	-0.537523	121.209999	15.829419	0.001268	1.1
413	-0.537511	122.209999	15.718886	0.000944	1.1
414	-0.537522	123.209999	15.609886	0.000328	1.1
415	-0.537523	123.199999	15.610969	0.000625	1.1
416	-0.537521	124.199999	15.503455	0.000755	1.1
417	-0.537519	125.199999	15.397412	0.001579	1.1
418	-0.537511	126.199999	15.292810	0.000948	1.1
419	-0.537523	127.199999	15.189620	0.000770	1.1
420	-0.537518	127.189999	15.190645	0.001713	1.1
421	-0.537512	128.189999	15.088824	0.000948	1.1
422	-0.537523	129.189999	14.988359	0.000300	1.1
423	-0.537524	129.179999	14.989357	0.000209	1.1
424	-0.537525	129.169999	14.990356	0.000160	1.1
425	-0.537526	129.159999	14.991354	0.000186	1.1
426	-0.537526	129.149999	14.992352	0.000186	1.1
427	-0.537527	129.139999	14.993351	0.001281	1.1
428	-0.537515	130.139999	14.894149	0.000939	1.1
429	-0.537526	131.139999	14.796251	0.000315	1.1
430	-0.537526	131.129999	14.797224	0.000620	1.2
431	-0.537524	132.129999	14.700592	0.000848	1.1
432	-0.537521	133.129999	14.605214	0.001583	1.1
433	-0.537516	134.129999	14.511066	0.000939	1.2
434	-0.537527	135.129999	14.418124	0.000227	1.0
435	-0.537527	135.119999	14.419048	0.000201	1.1
436	-0.537528	135.109999	14.419971	0.000177	1.1
437	-0.537529	135.099999	14.420895	0.000330	1.1
438	-0.537527	136.099999	14.329101	0.000810	1.1
439	-0.537519	137.099999	14.238467	0.001748	1.1
440	-0.537517	138.099999	14.148974	0.000938	1.2
441	-0.537527	139.099999	14.060598	0.000330	1.1
442	-0.537528	139.089999	14.061476	0.000184	1.1
443	-0.537529	139.079999	14.062354	0.000187	1.1
444	-0.537529	139.069999	14.063233	0.000180	1.1
445	-0.537528	139.059999	14.064112	0.001197	1.0
446	-0.537520	140.059999	13.976789	0.000930	1.1
447	-0.537528	141.059999	13.890545	0.000180	1.1
448	-0.537529	142.059999	13.805358	0.000186	1.1
449	-0.537530	142.049999	13.806205	0.000233	1.1
450	-0.537529	142.039999	13.807052	0.001273	1.0
451	-0.537520	143.039999	13.722883	0.000933	1.1
452	-0.537529	144.039999	13.639734	0.000188	1.1
453	-0.537529	144.029999	13.640561	0.000160	1.1
454	-0.537529	144.019999	13.641387	0.000233	1.1
455	-0.537530	144.009999	13.642214	0.000180	1.1
456	-0.537529	143.999999	13.643041	0.001274	1.0
457	-0.537520	144.999999	13.560854	0.000932	1.1
458	-0.537529	145.999999	13.479651	0.000249	1.1
459	-0.537529	145.989999	13.480458	0.000627	1.0
460	-0.537527	146.989999	13.400213	0.000778	1.1
461	-0.537526	147.989999	13.320917	0.001692	1.1
462	-0.537517	148.989999	13.242554	0.000943	1.1
463	-0.537528	149.989999	13.165107	0.000867	1.1
464	-0.537525	149.979999	13.165877	0.001348	1.1
465	-0.537523	150.979999	13.089323	0.000928	1.1
466	-0.537528	151.979999	13.013653	0.000625	1.1
467	-0.537528	152.979999	12.938853	0.000916	1.1
468	-0.537524	153.979999	12.864909	0.001621	1.1
469	-0.537520	154.979999	12.791804	0.000935	1.1
470	-0.537529	155.979999	12.719526	0.000336	1.2
471	-0.537529	155.969999	12.720245	0.000621	1.1
472	-0.537528	156.969999	12.648771	0.000915	1.1
473	-0.537525	157.969999	12.578095	0.001678	1.1
474	-0.537520	158.969999	12.508205	0.000937	1.2
475	-0.537529	159.969999	12.439088	0.000373	1.1
476	-0.537530	159.959999	12.439775	0.000191	1.1
477	-0.537530	159.949999	12.440463	0.000177	1.1
478	-0.537531	159.939999	12.441150	0.000191	1.0
479	-0.537530	159.929999	12.441838	0.001284	1.0
480	-0.537522	160.929999	12.373450	0.000930	1.1
481	-0.537530	161.929999	12.305809	0.000248	1.1
482	-0.537530	161.919999	12.306482	0.000623	1.1
483	-0.537528	162.919999	12.239570	0.000780	1.1
484	-0.537527	163.919999	12.173381	0.001677	1.1
485	-0.537519	164.919999	12.107905	0.000938	1.1
486	-0.537529	165.919999	12.043129	0.000558	1.1
487	-0.537529	165.909999	12.043773	0.000619	1.1
488	-0.537530	166.909999	11.979680	0.000822	1.1
489	-0.537524	167.909999	11.916265	0.001578	1.1
490	-0.537522	168.909999	11.853519	0.000930	1.1
491	-0.537530	169.909999	11.791429	0.000188	1.0
492	-0.537531	169.899999	11.792047	0.000189	1.1
493	-0.537531	169.889999	11.792664	0.000193	1.1
494	-0.537531	169.879999	11.793282	0.000228	1.1
495	-0.537529	169.869999	11.793900	0.001177	1.1
496	-0.537524	170.869999	11.732432	0.000920	1.1
497	-0.537531	171.869999	11.671601	0.000210	1.1
498	-0.537531	171.859999	11.672206	0.000236	1.1
499	-0.537530	171.849999	11.672812	0.001270	1.0
500	-0.537524	172.849999	11.612596	0.000926	1.1
501	-0.537530	173.849999	11.552998	0.000558	1.1
502	-0.537529	174.849999	11.494009	0.000923	1.1
503	-0.537525	175.849999	11.435620	0.001679	1.1
504	-0.537522	176.849999	11.377820	0.000933	1.1
505	-0.537530	177.849999	11.320602	0.000256	1.1
506	-0.537531	177.839999	11.321171	0.000163	1.1
507	-0.537531	177.829999	11.321741	0.000247	1.1
508	-0.537531	177.819999	11.322310	0.000186	1.1
509	-0.537531	177.809999	11.322880	0.001284	1.1
510	-0.537524	178.809999	11.266211	0.000927	1.1
511	-0.537530	179.809999	11.210108	0.000224	1.1
512	-0.537530	179.799999	11.210666	0.000621	1.1
513	-0.537529	180.799999	11.155112	0.000785	1.1
514	-0.537528	181.799999	11.100107	0.001676	1.0
515	-0.537521	182.799999	11.045641	0.000935	1.1
516	-0.537530	183.799999	10.991708	0.000403	1.1
517	-0.537531	183.789999	10.992244	0.000194	1.1
518	-0.537531	183.779999	10.992781	0.000187	1.1
519	-0.537532	183.769999	10.993318	0.000185	1.2
520	-0.537532	183.759999	10.993855	0.001181	1.1
521	-0.537524	184.759999	10.940424	0.000925	1.1
522	-0.537531	185.759999	10.887511	0.000168	1.1
523	-0.537531	186.759999	10.835106	0.000236	1.1
524	-0.537531	186.749999	10.835628	0.000187	1.1
525	-0.537532	186.739999	10.836150	0.000196	1.1
526	-0.537530	186.729999	10.836671	0.001281	1.1
527	-0.537524	187.729999	10.784754	0.000924	1.1
528	-0.537531	188.729999	10.733332	0.000199	1.1
529	-0.537531	188.719999	10.733844	0.000224	1.2
530	-0.537531	188.709999	10.734356	0.000185	1.1
531	-0.537531	188.699999	10.734867	0.001281	1.1
532	-0.537525	189.699999	10.683919	0.000924	1.1
533	-0.537530	190.699999	10.633452	0.000557	1.1
534	-0.537530	191.699999	10.583459	0.000851	1.0
535	-0.537528	192.699999	10.533934	0.001680	1.1
536	-0.537522	193.699999	10.484871	0.000933	1.1
537	-0.537530	194.699999	10.436262	0.000395	1.1
538	-0.537530	194.689999	10.436746	0.000624	1.1
539	-0.537530	195.689999	10.388581	0.000785	1.1
540	-0.537529	196.689999	10.340859	0.001670	1.1
541	-0.537522	197.689999	10.293574	0.000934	1.1
542	-0.537530	198.689999	10.246719	0.000403	1.2
543	-0.537531	198.679999	10.247185	0.000159	1.1
544	-0.537531	198.669999	10.247652	0.000199	1.1
545	-0.537531	198.659999	10.248118	0.000188	1.1
546	-0.537532	198.649999	10.248585	0.000227	1.1
547	-0.537530	198.639999	10.249052	0.001271	1.1
548	-0.537525	199.639999	10.202600	0.000923	1.1
549	-0.537531	200.639999	10.156568	0.000244	1.1
550	-0.537531	200.629999	10.157026	0.000197	1.1
551	-0.537532	200.619999	10.157484	0.000185	1.2
552	-0.537531	200.609999	10.157943	0.001279	1.1
553	-0.537525	201.609999	10.112312	0.000924	1.1
554	-0.537531	202.609999	10.067089	0.000199	1.1
555	-0.537531	202.599999	10.067539	0.000193	1.0
556	-0.537531	202.589999	10.067989	0.000227	1.1
557	-0.537531	202.579999	10.068439	0.001280	1.1
558	-0.537525	203.579999	10.023607	0.000923	1.1
559	-0.537530	204.579999	9.979172	0.000562	1.0
560	-0.537530	205.579999	9.935130	0.000792	1.1
561	-0.537529	206.579999	9.891474	0.000623	1.1
562	-0.537532	207.579999	9.848201	0.000208	1.1
563	-0.537532	207.569999	9.848631	0.000259	1.1
564	-0.537530	207.559999	9.849062	0.001167	1.1
565	-0.537526	208.559999	9.806158	0.000916	1.1
566	-0.537531	209.559999	9.763626	0.000209	1.2
567	-0.537532	209.549999	9.764050	0.000216	1.0
568	-0.537532	209.539999	9.764473	0.001171	1.1
569	-0.537526	210.539999	9.722302	0.000916	1.1
570	-0.537531	211.539999	9.680492	0.000225	1.1
571	-0.537531	211.529999	9.680909	0.000249	1.1
572	-0.537532	211.519999	9.681325	0.000219	1.1
573	-0.537531	211.509999	9.681741	0.001261	1.1
574	-0.537525	212.509999	9.640280	0.000916	1.1
575	-0.537531	213.509999	9.599171	0.000271	1.1
576	-0.537531	213.499999	9.599581	0.000227	1.1
577	-0.537532	213.489999	9.599990	0.000317	1.1
578	-0.537531	214.489999	9.559224	0.000276	1.0
579	-0.537532	215.489999	9.518803	0.000193	1.1
580	-0.537532	216.489999	9.478722	0.000608	1.1
581	-0.537528	217.489999	9.438977	0.001565	1.1
582	-0.537524	218.489999	9.399564	0.000921	1.1
583	-0.537531	219.489999	9.360479	0.000278	1.0
584	-0.537532	219.479999	9.360869	0.000215	1.2
585	-0.537532	219.469999	9.361258	0.001255	1.1
586	-0.537525	220.469999	9.322490	0.000918	1.1
587	-0.537531	221.469999	9.284042	0.000240	1.1
588	-0.537531	221.459999	9.284425	0.000219	1.1
589	-0.537532	221.449999	9.284808	0.000212	1.1
590	-0.537532	221.439999	9.285191	0.001168	1.1
591	-0.537526	222.439999	9.247049	0.000916	1.1
592	-0.537531	223.439999	9.209220	0.000229	1.1
593	-0.537532	223.429999	9.209597	0.000217	1.0
594	-0.537532	223.419999	9.209973	0.000251	1.1
595	-0.537531	223.409999	9.210350	0.001261	1.0
596	-0.537526	224.409999	9.172820	0.000915	1.1
597	-0.537531	225.409999	9.135594	0.000270	1.1
598	-0.537532	225.399999	9.135965	0.000227	1.1
599	-0.537532	225.389999	9.136335	0.001266	1.0
600	-0.537526	226.389999	9.099405	0.000916	1.0
601	-0.537531	227.389999	9.062771	0.000232	1.1
602	-0.537531	227.379999	9.063136	0.000224	1.1
603	-0.537532	227.369999	9.063501	0.000251	1.1
604	-0.537531	227.359999	9.063866	0.001268	1.1
605	-0.537526	228.359999	9.027517	0.000915	1.1
606	-0.537531	229.359999	8.991459	0.000280	1.0
607	-0.537531	229.349999	8.991818	0.000229	1.1
608	-0.537532	229.339999	8.992177	0.000216	1.1
609	-0.537531	229.329999	8.992537	0.001268	1.1
610	-0.537526	230.329999	8.956757	0.000915	1.1
611	-0.537531	231.329999	8.921261	0.000279	1.1
612	-0.537532	231.319999	8.921614	0.000227	1.1
613	-0.537532	231.309999	8.921968	0.000254	1.1
614	-0.537530	231.299999	8.922321	0.001298	1.1
615	-0.537527	232.299999	8.887097	0.000919	1.1
616	-0.537531	233.299999	8.852150	0.000232	1.1
617	-0.537531	233.289999	8.852498	0.000198	1.1
618	-0.537532	233.279999	8.852846	0.000185	1.1
619	-0.537531	233.269999	8.853194	0.001269	1.0
620	-0.537526	234.269999	8.818513	0.000920	1.1
621	-0.537531	235.269999	8.784102	0.000245	1.0
622	-0.537531	235.259999	8.784444	0.000187	1.1
623	-0.537532	235.249999	8.784787	0.000226	1.1
624	-0.537531	235.239999	8.785130	0.001284	1.1
625	-0.537527	236.239999	8.750978	0.000919	1.1
626	-0.537531	237.239999	8.717091	0.000569	1.1
627	-0.537531	238.239999	8.683466	0.000782	1.1
628	-0.537530	239.239999	8.650099	0.000622	1.1
629	-0.537532	240.239999	8.616987	0.000269	1.1
630	-0.537532	241.239999	8.584128	0.001266	1.1
631	-0.537526	242.239999	8.551518	0.000921	1.1
632	-0.537531	243.239999	8.519156	0.000165	1.1
633	-0.537531	243.229999	8.519478	0.000258	1.1
634	-0.537532	243.219999	8.519801	0.000197	1.1
635	-0.537532	243.209999	8.520123	0.000185	1.1
636	-0.537531	243.199999	8.520445	0.001277	1.1
637	-0.537527	244.199999	8.488317	0.000919	1.1
638	-0.537531	245.199999	8.456430	0.000257	1.1
639	-0.537532	245.189999	8.456748	0.000198	1.1
640	-0.537532	245.179999	8.457066	0.000233	1.1
641	-0.537531	245.169999	8.457383	0.001286	1.1
642	-0.537527	246.169999	8.425728	0.000918	1.1
643	-0.537531	247.169999	8.394308	0.000241	1.1
644	-0.537531	247.159999	8.394621	0.000620	1.1
645	-0.537531	248.159999	8.363433	0.000790	1.1
646	-0.537529	249.159999	8.332476	0.001679	1.1
647	-0.537525	250.159999	8.301747	0.000924	1.1
648	-0.537531	251.159999	8.271244	0.000199	1.1
649	-0.537531	251.149999	8.271548	0.000263	1.1
650	-0.537531	251.139999	8.271852	0.000191	1.1
651	-0.537532	251.129999	8.272156	0.000196	1.1
652	-0.537532	251.119999	8.272460	0.001280	1.1
653	-0.537527	252.119999	8.242171	0.000920	1.1
654	-0.537531	253.119999	8.212103	0.000199	1.1
655	-0.537531	253.109999	8.212403	0.000187	1.1
656	-0.537532	253.099999	8.212702	0.000235	1.1
657	-0.537532	253.089999	8.213002	0.000186	1.2
658	-0.537531	253.079999	8.213302	0.001285	1.1
659	-0.537527	254.079999	8.183444	0.000918	1.1
660	-0.537531	255.079999	8.153802	0.000241	1.2
661	-0.537531	255.069999	8.154098	0.000186	1.1
662	-0.537532	255.059999	8.154393	0.000187	1.0
663	-0.537532	255.049999	8.154688	0.000223	1.1
664	-0.537530	255.039999	8.154984	0.001279	1.1
665	-0.537528	256.039999	8.125548	0.000916	1.1
666	-0.537531	257.039999	8.096323	0.000234	1.1
667	-0.537531	257.029999	8.096614	0.000626	1.1
668	-0.537531	257.019999	8.096906	0.000829	1.1
669	-0.537528	258.019999	8.067887	0.001568	1.1
670	-0.537527	259.019999	8.039075	0.000915	1.1
671	-0.537531	260.019999	8.010468	0.000273	1.1
672	-0.537532	260.009999	8.010753	0.000218	1.1
673	-0.537532	259.999999	8.011038	0.001257	1.1
674	-0.537527	260.999999	7.982630	0.000914	1.1
675	-0.537531	261.999999	7.954423	0.000279	1.1
676	-0.537532	261.989999	7.954704	0.000220	1.1
677	-0.537532	261.979999	7.954985	0.000216	1.1
678	-0.537532	261.969999	7.955266	0.001169	1.1
679	-0.537527	262.969999	7.927252	0.000911	1.0
680	-0.537531	263.969999	7.899434	0.000256	1.0
681	-0.537532	263.959999	7.899711	0.000228	1.1
682	-0.537532	263.949999	7.899988	0.000317	1.1
683	-0.537532	264.949999	7.872361	0.000274	1.1
684	-0.537532	265.949999	7.844927	0.000214	1.1
685	-0.537531	265.939999	7.845200	0.001195	1.1
686	-0.537527	266.939999	7.817954	0.000914	1.1
687	-0.537531	267.939999	7.790897	0.000215	1.1
688	-0.537532	267.929999	7.791166	0.000252	1.1
689	-0.537532	267.919999	7.791436	0.001264	1.1
690	-0.537527	268.919999	7.764562	0.000913	1.1
691	-0.537531	269.919999	7.737872	0.000270	1.1
692	-0.537531	269.909999	7.738138	0.000220	1.1
693	-0.537532	269.899999	7.738404	0.000217	1.1
694	-0.537532	269.889999	7.738670	0.001257	1.1
695	-0.537527	270.889999	7.712158	0.000912	1.1
696	-0.537531	271.889999	7.685826	0.000270	1.1
697	-0.537532	271.879999	7.686089	0.000228	1.1
698	-0.537532	271.869999	7.686351	0.000249	1.1
699	-0.537531	271.859999	7.686614	0.001269	1.0
700	-0.537528	272.859999	7.660456	0.000911	1.1
701	-0.537531	273.859999	7.634476	0.000255	1.1
702	-0.537532	273.849999	7.634735	0.000227	1.1
703	-0.537532	273.839999	7.634994	0.000316	1.1
704	-0.537532	274.839999	7.609186	0.000289	1.0
705	-0.537532	275.839999	7.583552	0.000255	1.1
706	-0.537532	276.839999	7.558091	0.000288	1.1
707	-0.537532	277.839999	7.532799	0.001256	1.0
708	-0.537527	278.839999	7.507676	0.000915	1.2
709	-0.537531	279.839999	7.482721	0.000222	1.0
710	-0.537532	279.829999	7.482969	0.000276	1.1
711	-0.537532	279.819999	7.483218	0.001265	1.0
712	-0.537527	280.819999	7.458425	0.000912	1.1
713	-0.537531	281.819999	7.433795	0.000270	1.0
714	-0.537531	281.809999	7.434040	0.000229	1.1
715	-0.537532	281.799999	7.434286	0.000217	1.1
716	-0.537532	281.789999	7.434531	0.001257	1.1
717	-0.537527	282.789999	7.410059	0.000911	1.1
718	-0.537531	283.789999	7.385747	0.000270	1.0
719	-0.537532	283.779999	7.385989	0.000228	1.1
720	-0.537532	283.769999	7.386231	0.000216	1.2
721	-0.537532	283.759999	7.386474	0.001170	1.1
722	-0.537528	284.759999	7.362316	0.000910	1.1
723	-0.537531	285.759999	7.338316	0.000257	1.1
724	-0.537532	285.749999	7.338555	0.000227	1.1
725	-0.537532	285.739999	7.338794	0.000317	1.0
726	-0.537532	286.739999	7.314947	0.000289	1.1
727	-0.537532	287.739999	7.291254	0.000303	1.1
728	-0.537532	288.739999	7.267714	0.000609	1.1
729	-0.537530	289.739999	7.244325	0.001271	1.1
730	-0.537529	290.739999	7.221087	0.000908	1.1
731	-0.537531	291.739999	7.197997	0.000208	1.1
732	-0.537532	291.729999	7.198228	0.000235	1.1
733	-0.537532	291.719999	7.198458	0.001267	1.1
734	-0.537528	292.719999	7.175512	0.000915	1.1
735	-0.537531	293.719999	7.152713	0.000560	1.1
736	-0.537531	294.719999	7.130057	0.000238	1.1
737	-0.537532	295.719999	7.107545	0.000203	1.1
738	-0.537532	295.709999	7.107770	0.000260	1.1
739	-0.537532	295.699999	7.107994	0.001266	1.0
740	-0.537528	296.699999	7.085621	0.000917	1.1
741	-0.537531	297.699999	7.063388	0.000200	1.1
742	-0.537532	297.689999	7.063609	0.000232	1.1
743	-0.537532	297.679999	7.063831	0.000197	1.1
744	-0.537532	297.669999	7.064053	0.000189	1.2
745	-0.537531	297.659999	7.064274	0.001277	1.1
746	-0.537528	298.659999	7.042175	0.000915	1.1
747	-0.537531	299.659999	7.020214	0.000235	1.1
748	-0.537532	299.649999	7.020433	0.000197	1.0
749	-0.537532	299.639999	7.020652	0.000233	1.1
750	-0.537531	299.629999	7.020870	0.001285	1.1
751	-0.537528	300.629999	6.999041	0.000915	1.1
752	-0.537531	301.629999	6.977348	0.000231	1.1
753	-0.537532	301.619999	6.977564	0.000189	1.1
754	-0.537532	301.609999	6.977780	0.000196	1.1
755	-0.537532	301.599999	6.977997	0.000228	1.1
756	-0.537530	301.589999	6.978213	0.001285	1.1
757	-0.537529	302.589999	6.956648	0.000913	1.0
758	-0.537531	303.589999	6.935216	0.000224	1.1
759	-0.537531	303.579999	6.935429	0.000617	1.1
760	-0.537532	303.569999	6.935643	0.000297	1.1
761	-0.537532	304.569999	6.914340	0.000217	1.1
762	-0.537532	304.559999	6.914552	0.001169	1.1
763	-0.537528	305.559999	6.893379	0.000912	1.1
764	-0.537532	306.559999	6.872334	0.000189	1.1
765	-0.537532	306.549998	6.872544	0.000253	1.1
766	-0.537532	306.539998	6.872754	0.001256	1.0
767	-0.537528	307.539998	6.851834	0.000916	1.1
768	-0.537531	308.539998	6.831042	0.000247	1.1
769	-0.537532	308.529998	6.831250	0.000199	1.1
770	-0.537532	308.519998	6.831457	0.000196	1.1
771	-0.537532	308.509998	6.831664	0.000189	1.1
772	-0.537532	308.499998	6.831872	0.001188	1.1
773	-0.537529	309.499998	6.811200	0.000913	1.1
774	-0.537531	310.499998	6.790654	0.000189	1.1
775	-0.537532	310.489998	6.790859	0.000235	1.1
776	-0.537532	310.479998	6.791063	0.000195	1.1
777	-0.537532	310.469998	6.791268	0.001284	1.1
778	-0.537529	311.469998	6.770842	0.000914	1.1
779	-0.537531	312.469998	6.750537	0.000231	1.1
780	-0.537532	312.459998	6.750740	0.000189	1.1
781	-0.537532	312.449998	6.750942	0.000234	1.1
782	-0.537532	312.439998	6.751145	0.001284	1.1
783	-0.537529	313.439998	6.730958	0.000914	1.1
784	-0.537531	314.439998	6.710892	0.000234	1.0
785	-0.537531	314.429998	6.711092	0.000619	1.1
786	-0.537532	315.429998	6.691144	0.000259	1.1
787	-0.537532	316.429998	6.671315	0.000257	1.1
788	-0.537532	316.419998	6.671512	0.000305	1.1
789	-0.537532	317.419998	6.651799	0.000289	1.2
790	-0.537532	318.419998	6.632201	0.000284	1.1
791	-0.537532	319.419998	6.612719	0.000792	1.1
792	-0.537528	320.419998	6.593350	0.001558	1.1
793	-0.537528	321.419998	6.574095	0.000911	1.1
794	-0.537532	322.419998	6.554952	0.000231	1.1
795	-0.537532	322.409998	6.555143	0.000251	1.1
796	-0.537531	322.399998	6.555334	0.001258	1.1
797	-0.537528	323.399998	6.536300	0.000910	1.1
798	-0.537532	324.399998	6.517376	0.000268	1.1
799	-0.537532	324.389998	6.517565	0.000218	1.1
800	-0.537532	324.379998	6.517753	0.000305	1.1
801	-0.537532	325.379998	6.498937	0.000287	1.1
802	-0.537532	326.379998	6.480228	0.000283	1.1
803	-0.537532	327.379998	6.461627	0.000584	1.1
804	-0.537530	328.379998	6.443133	0.001292	1.1
805	-0.537529	329.379998	6.424744	0.000905	1.1
806	-0.537531	330.379998	6.406459	0.000218	1.1
807	-0.537532	330.369998	6.406642	0.000251	1.1
808	-0.537532	330.359998	6.406824	0.001267	1.1
809	-0.537529	331.359998	6.388641	0.000907	1.1
810	-0.537531	332.359998	6.370562	0.000258	1.1
811	-0.537531	332.349998	6.370742	0.000229	1.1
812	-0.537532	332.339998	6.370922	0.000217	1.1
813	-0.537532	332.329998	6.371103	0.001266	1.1
814	-0.537529	333.329998	6.353122	0.000908	1.1
815	-0.537531	334.329998	6.335242	0.000256	1.1
816	-0.537532	334.319998	6.335421	0.000252	1.1
817	-0.537532	334.309998	6.335599	0.000217	1.1
818	-0.537532	334.299998	6.335777	0.001268	1.1
819	-0.537529	335.299998	6.317995	0.000907	1.1
820	-0.537531	336.299998	6.300313	0.000258	1.2
821	-0.537532	336.289998	6.300489	0.000228	1.1
822	-0.537532	336.279998	6.300665	0.000216	1.0
823	-0.537532	336.269998	6.300842	0.001178	1.1
824	-0.537529	337.269998	6.283255	0.000906	1.1
825	-0.537531	338.269998	6.265766	0.000248	1.1
826	-0.537532	338.259998	6.265940	0.000227	1.1
827	-0.537532	338.249998	6.266115	0.000317	1.1
828	-0.537532	339.249998	6.248721	0.000287	1.0
829	-0.537532	340.249998	6.231423	0.000304	1.1
830	-0.537532	341.249998	6.214221	0.000287	1.1
831	-0.537532	342.249998	6.197114	0.000255	1.2
832	-0.537532	343.249998	6.180101	0.000276	1.1
833	-0.537532	344.249998	6.163181	0.001237	1.1
834	-0.537528	345.249998	6.146353	0.000911	1.1
835	-0.537532	346.249998	6.129617	0.000275	1.1
836	-0.537532	346.239998	6.129784	0.000213	1.1
837	-0.537532	346.229998	6.129950	0.000304	1.1
838	-0.537532	347.229998	6.113303	0.000287	1.1
839	-0.537532	348.229998	6.096746	0.000327	1.0
840	-0.537532	349.229998	6.080279	0.000586	1.1
841	-0.537531	350.229998	6.063900	0.001270	1.1
842	-0.537530	351.229998	6.047610	0.000905	1.1
843	-0.537532	352.229998	6.031406	0.000218	1.1
844	-0.537532	352.219998	6.031568	0.000251	1.1
845	-0.537532	352.209998	6.031729	0.001265	1.1
846	-0.537529	353.209998	6.015611	0.000907	1.0
847	-0.537531	354.209998	5.999578	0.000256	1.1
848	-0.537532	354.199998	5.999738	0.000229	1.1
849	-0.537532	354.189998	5.999898	0.000217	1.1
850	-0.537532	354.179998	6.000058	0.000316	1.1
851	-0.537532	355.179998	5.984108	0.000287	1.1
852	-0.537532	356.179998	5.968242	0.000210	1.1
853	-0.537532	357.179998	5.952461	0.000275	1.1
854	-0.537532	358.179998	5.936763	0.001262	1.1
855	-0.537529	359.179998	5.921147	0.000910	1.1
856	-0.537532	360.179998	5.905613	0.000275	1.1
857	-0.537532	360.169998	5.905768	0.000218	1.1
858	-0.537532	360.159998	5.905923	0.000215	1.1
859	-0.537532	360.149998	5.906078	0.001258	1.1
860	-0.537529	361.149998	5.890623	0.000907	1.1
861	-0.537532	362.149998	5.875249	0.000277	1.1
862	-0.537532	362.139998	5.875402	0.000217	1.1
863	-0.537532	362.129998	5.875556	0.000304	1.1
864	-0.537532	363.129998	5.860260	0.000287	1.1
865	-0.537532	364.129998	5.845044	0.000256	1.1
866	-0.537532	365.129998	5.829906	0.000276	1.1
867	-0.537532	366.129998	5.814847	0.001238	1.1
868	-0.537529	367.129998	5.799865	0.000909	1.1
869	-0.537532	368.129998	5.784961	0.000274	1.1
870	-0.537532	368.119998	5.785109	0.000217	1.0
871	-0.537532	368.109998	5.785258	0.000215	1.1
872	-0.537532	368.099998	5.785407	0.001258	1.1
873	-0.537529	369.099998	5.770576	0.000907	1.1
874	-0.537532	370.099998	5.755821	0.000280	1.1
875	-0.537532	370.089998	5.755968	0.000217	1.1
876	-0.537532	370.079998	5.756116	0.000305	1.1
877	-0.537532	371.079998	5.741435	0.000276	1.2
878	-0.537532	372.079998	5.726828	0.000256	1.0
879	-0.537532	373.079998	5.712296	0.000278	1.1
880	-0.537532	374.079998	5.697838	0.001238	1.1
881	-0.537529	375.079998	5.683452	0.000909	1.1
882	-0.537532	376.079998	5.669139	0.000274	1.1
883	-0.537532	376.069998	5.669282	0.000217	1.1
884	-0.537532	376.059998	5.669425	0.000304	1.1
885	-0.537532	377.059998	5.655182	0.000287	1.1
886	-0.537532	378.059998	5.641011	0.000328	1.1
887	-0.537532	379.059998	5.626910	0.000308	1.0
888	-0.537532	380.059998	5.612880	0.000283	1.1
889	-0.537532	381.059998	5.598920	0.000585	1.1
890	-0.537531	382.059998	5.585029	0.001270	1.1
891	-0.537530	383.059998	5.571206	0.000773	1.1
892	-0.537532	384.059998	5.557452	0.000257	1.1
893	-0.537532	384.049998	5.557590	0.000218	1.1
894	-0.537532	384.039998	5.557727	0.000211	1.1
895	-0.537532	384.029998	5.557864	0.001169	1.1
896	-0.537530	385.029998	5.544176	0.000771	1.1
897	-0.537531	386.029998	5.530555	0.000279	1.1
898	-0.537532	386.019998	5.530691	0.000228	1.1
899	-0.537532	386.009998	5.530827	0.000216	1.1
900	-0.537532	385.999998	5.530962	0.000305	1.1
901	-0.537532	386.999998	5.517406	0.000276	1.1
902	-0.537532	387.999998	5.503916	0.000256	1.2
903	-0.537532	388.999998	5.490492	0.000275	1.1
904	-0.537532	389.999998	5.477133	0.001238	1.1
905	-0.537529	390.999998	5.463839	0.000908	1.1
906	-0.537532	391.999998	5.450609	0.000274	1.0
907	-0.537532	391.989998	5.450741	0.000213	1.0
908	-0.537532	391.979998	5.450873	0.000303	1.0
909	-0.537532	392.979998	5.437706	0.000287	1.1
910	-0.537532	393.979998	5.424603	0.000328	1.1
911	-0.537532	394.979998	5.411562	0.000585	1.1
912	-0.537531	395.979998	5.398584	0.001269	1.1
913	-0.537530	396.979998	5.385668	0.000772	1.1
914	-0.537531	397.979998	5.372814	0.000255	1.1
915	-0.537532	397.969998	5.372942	0.000219	1.0
916	-0.537532	397.959998	5.373071	0.000216	1.1
917	-0.537532	397.949998	5.373199	0.000305	1.0
918	-0.537532	398.949998	5.360404	0.000276	1.1
919	-0.537532	399.949998	5.347670	0.000255	1.1
920	-0.537532	400.949998	5.334996	0.000278	1.1
921	-0.537532	401.949998	5.322383	0.001238	1.1
922	-0.537529	402.949998	5.309828	0.000837	1.1
923	-0.537532	403.949998	5.297333	0.000275	1.1
924	-0.537532	403.939998	5.297458	0.000213	1.1
925	-0.537532	403.929998	5.297582	0.000211	1.1
926	-0.537532	403.919998	5.297707	0.001255	1.1
927	-0.537529	404.919998	5.285269	0.000906	1.1
928	-0.537532	405.919998	5.272889	0.000281	1.1
929	-0.537532	405.909998	5.273012	0.000212	1.1
930	-0.537532	405.899998	5.273136	0.000254	1.0
931	-0.537531	405.889998	5.273259	0.001283	1.1
932	-0.537530	406.889998	5.260936	0.000773	1.1
933	-0.537532	407.889998	5.248669	0.000275	1.1
934	-0.537532	407.879998	5.248791	0.000218	1.1
935	-0.537532	407.869998	5.248914	0.000211	1.0
936	-0.537532	407.859998	5.249036	0.001168	1.1
937	-0.537530	408.859998	5.236825	0.000771	1.1
938	-0.537531	409.859998	5.224671	0.000279	1.1
939	-0.537532	409.849998	5.224792	0.000219	1.0
940	-0.537532	409.839998	5.224913	0.000216	1.1
941	-0.537532	409.829998	5.225035	0.000304	1.0
942	-0.537532	410.829998	5.212935	0.000287	1.1
943	-0.537532	411.829998	5.200891	0.000255	1.1
944	-0.537532	412.829998	5.188903	0.000276	1.0
945	-0.537532	413.829998	5.176970	0.001237	1.1
946	-0.537529	414.829998	5.165091	0.000837	1.1
947	-0.537532	415.829998	5.153267	0.000275	1.1
948	-0.537532	415.819998	5.153385	0.000215	1.1
949	-0.537532	415.809998	5.153503	0.000211	1.0
950	-0.537532	415.799998	5.153621	0.001255	1.1
951	-0.537529	416.799998	5.141849	0.000906	1.0
952	-0.537532	417.799998	5.130131	0.000281	1.1
953	-0.537532	417.789998	5.130248	0.000217	1.1
954	-0.537532	417.779998	5.130365	0.000210	1.0
955	-0.537532	417.769998	5.130482	0.001194	1.1
956	-0.537530	418.769998	5.118816	0.000773	1.1
957	-0.537531	419.769998	5.107203	0.000275	1.1
958	-0.537532	419.759998	5.107318	0.000219	1.1
959	-0.537532	419.749998	5.107434	0.000212	1.1
960	-0.537532	419.739998	5.107550	0.000305	1.1
961	-0.537532	420.739998	5.095988	0.000276	1.1
962	-0.537532	421.739998	5.084478	0.000192	1.1
963	-0.537532	422.739998	5.073020	0.000299	1.1
964	-0.537532	423.739998	5.061613	0.001238	1.1
965	-0.537529	424.739998	5.050257	0.000769	1.1
966	-0.537531	425.739998	5.038953	0.000276	1.1
967	-0.537532	425.729998	5.039065	0.000225	1.1
968	-0.537532	425.719998	5.039178	0.000213	1.0
969	-0.537532	425.709998	5.039291	0.000303	1.1
970	-0.537532	426.709998	5.028035	0.000295	1.1
971	-0.537532	427.709998	5.016830	0.000255	1.1
972	-0.537532	428.709998	5.005674	0.000278	1.2
973	-0.537532	429.709998	4.994568	0.001238	1.1
974	-0.537529	430.709998	4.983511	0.000765	1.1
975	-0.537532	431.709998	4.972503	0.000276	1.1
976	-0.537532	431.699998	4.972613	0.000224	1.1
977	-0.537532	431.689998	4.972722	0.000212	1.1
978	-0.537532	431.679998	4.972832	0.001238	1.1
979	-0.537529	432.679998	4.961871	0.000762	1.1
980	-0.537531	433.679998	4.950958	0.000282	1.1
981	-0.537532	433.669998	4.951067	0.000279	1.1
982	-0.537532	433.659998	4.951176	0.000211	1.1
983	-0.537532	433.649998	4.951285	0.001280	1.1
984	-0.537530	434.649998	4.940419	0.000774	1.1
985	-0.537531	435.649998	4.929600	0.000276	1.0
986	-0.537532	435.639998	4.929708	0.000219	1.1
987	-0.537532	435.629998	4.929816	0.000212	1.1
988	-0.537532	435.619998	4.929924	0.000250	1.1
989	-0.537532	435.609998	4.930032	0.001258	1.1
990	-0.537530	436.609998	4.919258	0.000770	1.1
991	-0.537532	437.609998	4.908532	0.000281	1.1
992	-0.537532	437.599998	4.908639	0.000213	1.0
993	-0.537532	437.589998	4.908746	0.000211	1.1
994	-0.537532	437.579998	4.908853	0.000211	1.1
995	-0.537532	438.579998	4.898172	0.000273	1.2
996	-0.537532	439.579998	4.887537	0.001279	1.1
997	-0.537529	440.579998	4.876948	0.000772	1.0
998	-0.537531	441.579998	4.866405	0.000276	1.1
999	-0.537532	441.569998	4.866510	0.000222	1.1
