1:ItNr	2:Metric	3a:Time	3b:StepSize	4:||Gradient||	Time[ms]
0	-0.609946	0.000000	35.104479	0.010427	95.5
1	-0.611607	0.000000	35.104479	0.006114	12.7
2	-0.611942	0.000000	35.104479	0.004766	14.7
3	-0.612137	0.000000	35.104479	0.004129	10.0
4	-0.612528	0.000000	35.104479	0.003456	11.8
5	-0.612765	0.000000	35.104479	0.002925	10.2
6	-0.612907	0.000000	35.104479	0.002478	13.2
7	-0.612981	0.000000	35.104479	0.002119	11.6
8	-0.613009	0.000000	35.104479	0.001816	16.3
9	-0.613002	0.000000	35.104479	0.001548	14.0
10	-0.612979	0.000000	35.104479	0.001312	9.8
11	-0.612934	0.000000	35.104479	0.001133	10.6
12	-0.612888	0.000000	35.104479	0.000997	10.2
13	-0.612836	0.000000	35.104479	0.000895	9.5
14	-0.612792	0.000000	35.104479	0.000784	11.2
15	-0.612741	0.000000	35.104479	0.000698	15.4
16	-0.612691	0.000000	35.104479	0.000597	12.5
17	-0.612647	0.000000	35.104479	0.000538	9.7
18	-0.612604	0.000000	35.104479	0.000513	10.2
19	-0.612566	0.000000	35.104479	0.000465	9.9
20	-0.612527	0.000000	35.104479	0.000418	10.8
21	-0.612497	0.000000	35.104479	0.000366	9.5
22	-0.612470	0.000000	35.104479	0.000359	11.1
23	-0.612446	0.000000	35.104479	0.000340	13.1
24	-0.612423	0.000000	35.104479	0.000327	12.9
25	-0.612407	0.000000	35.104479	0.000340	10.9
26	-0.612392	0.000000	35.104479	0.000299	11.4
27	-0.612380	0.000000	35.104479	0.000274	15.6
28	-0.612373	0.000000	35.104479	0.000258	9.4
29	-0.612366	0.000000	35.104479	0.000292	14.1
30	-0.612360	0.000000	35.104479	0.000314	11.8
31	-0.612355	0.000000	35.104479	0.000311	11.6
32	-0.612352	0.000000	35.104479	0.000287	12.8
33	-0.612348	0.000000	35.104479	0.000291	9.8
34	-0.612343	0.000000	35.104479	0.000278	12.2
35	-0.612341	0.000000	35.104479	0.000282	11.5
36	-0.612337	0.000000	35.104479	0.000345	11.2
37	-0.612341	0.000000	35.104479	0.000409	9.9
38	-0.612348	0.000000	35.104479	0.000416	9.3
39	-0.612347	0.000000	35.104479	0.000449	12.1
40	-0.612351	0.000000	35.104479	0.000459	17.2
41	-0.612352	0.000000	35.104479	0.000485	12.8
42	-0.612352	0.000000	35.104479	0.000479	12.5
43	-0.612353	0.000000	35.104479	0.000477	9.5
44	-0.612350	0.000000	35.104479	0.000461	11.6
45	-0.612345	0.000000	35.104479	0.000432	11.8
46	-0.612340	0.000000	35.104479	0.000411	11.5
47	-0.612333	0.000000	35.104479	0.000389	9.5
48	-0.612329	0.000000	35.104479	0.000392	14.2
49	-0.612317	0.000000	35.104479	0.000397	11.1
50	-0.612316	0.000000	35.104479	0.000395	14.5
51	-0.612304	0.000000	35.104479	0.000353	11.0
52	-0.612294	0.000000	35.104479	0.000336	9.6
53	-0.612293	0.000000	35.104479	0.000340	15.5
54	-0.612264	0.000000	35.104479	0.000328	11.5
55	-0.612251	0.000000	35.104479	0.000315	15.7
56	-0.612235	0.000000	35.104479	0.000306	15.1
57	-0.612216	0.000000	35.104479	0.000304	9.4
58	-0.612200	0.000000	35.104479	0.000317	13.8
59	-0.612178	0.000000	35.104479	0.000301	10.7
60	-0.612160	0.000000	35.104479	0.000345	9.6
61	-0.612138	0.000000	35.104479	0.000361	14.5
62	-0.612120	0.000000	35.104479	0.000386	12.5
63	-0.612088	0.000000	35.104479	0.000417	10.1
64	-0.612054	0.000000	35.104479	0.000453	11.3
65	-0.612019	0.000000	35.104479	0.000415	13.2
66	-0.611976	0.000000	35.104479	0.000394	11.3
67	-0.611935	0.000000	35.104479	0.000369	11.6
68	-0.611896	0.000000	35.104479	0.000338	15.7
69	-0.611864	0.000000	35.104479	0.000338	10.6
70	-0.611836	0.000000	35.104479	0.000361	12.6
71	-0.611798	0.000000	35.104479	0.000408	9.9
72	-0.611765	0.000000	35.104479	0.000410	12.0
73	-0.611729	0.000000	35.104479	0.000405	9.8
74	-0.611690	0.000000	35.104479	0.000389	15.0
75	-0.611653	0.000000	35.104479	0.000394	12.4
76	-0.611611	0.000000	35.104479	0.000410	13.7
77	-0.611568	0.000000	35.104479	0.000434	10.1
78	-0.611525	0.000000	35.104479	0.000473	12.7
79	-0.611481	0.000000	35.104479	0.000583	9.7
80	-0.611431	0.000000	35.104479	0.000891	10.4
81	-0.611382	0.000000	35.104479	0.001405	14.4
82	-0.611331	0.000000	35.104479	0.001616	13.7
83	-0.611281	0.000000	35.104479	0.001356	10.1
84	-0.611201	0.000000	35.104479	0.001076	10.9
85	-0.611143	0.000000	35.104479	0.000872	9.8
86	-0.611113	0.000000	35.104479	0.000710	10.5
87	-0.611098	0.000000	35.104479	0.000579	13.4
88	-0.611102	0.000000	35.104479	0.000474	14.4
89	-0.611109	0.000000	35.104479	0.000389	13.4
90	-0.611113	0.000000	35.104479	0.000319	16.2
91	-0.611116	0.000000	35.104479	0.000262	12.6
92	-0.611118	0.000000	35.104479	0.000216	16.8
93	-0.611120	0.000000	35.104479	0.000178	11.4
94	-0.611121	0.000000	35.104479	0.000147	10.9
95	-0.611121	0.000000	35.104479	0.000121	9.9
96	-0.611121	0.000000	35.104479	0.000100	9.5
97	-0.611122	0.000000	35.104479	0.000083	14.7
98	-0.611122	0.000000	35.104479	0.000068	12.4
99	-0.611122	0.000000	35.104479	0.000057	11.2
100	-0.611122	0.000000	35.104479	0.000047	10.1
101	-0.611122	0.000000	35.104479	0.000039	17.4
102	-0.611122	0.000000	35.104479	0.000032	11.3
103	-0.611122	0.000000	35.104479	0.000027	14.5
104	-0.611122	0.000000	35.104479	0.000022	11.1
105	-0.611122	0.000000	35.104479	0.000018	10.2
106	-0.611122	0.000000	35.104479	0.000015	16.0
107	-0.611122	0.000000	35.104479	0.000013	11.9
108	-0.611122	0.000000	35.104479	0.000010	13.6
109	-0.611122	0.000000	35.104479	0.000009	9.8
110	-0.611122	0.000000	35.104479	0.000007	15.0
111	-0.611122	0.000000	35.104479	0.000006	11.0
112	-0.611122	0.000000	35.104479	0.000005	11.6
113	-0.611122	0.000000	35.104479	0.000004	14.5
114	-0.611122	0.000000	35.104479	0.000003	13.5
115	-0.611122	0.000000	35.104479	0.000003	11.9
116	-0.611122	0.000000	35.104479	0.000002	10.4
117	-0.611122	0.000000	35.104479	0.000002	12.6
118	-0.611122	0.000000	35.104479	0.000002	12.4
119	-0.611122	0.000000	35.104479	0.000001	14.6
120	-0.611122	0.000000	35.104479	0.000001	17.9
121	-0.611122	0.000000	35.104479	0.000001	15.2
122	-0.611122	0.000000	35.104479	0.000001	13.3
123	-0.611122	0.000000	35.104479	0.000001	14.1
124	-0.611122	0.000000	35.104479	0.000001	13.7
125	-0.611122	0.000000	35.104479	0.000000	14.0
126	-0.611122	0.000000	35.104479	0.000000	19.4
127	-0.611122	0.000000	35.104479	0.000000	11.7
128	-0.611122	0.000000	35.104479	0.000000	13.1
129	-0.611122	0.000000	35.104479	0.000000	12.4
130	-0.611122	0.000000	35.104479	0.000000	13.9
131	-0.611122	0.000000	35.104479	0.000000	14.8
132	-0.611122	0.000000	35.104479	0.000000	13.2
133	-0.611122	0.000000	35.104479	0.000000	14.4
134	-0.611122	0.000000	35.104479	0.000000	13.8
135	-0.611122	0.000000	35.104479	0.000000	10.0
136	-0.611122	0.000000	35.104479	0.000000	9.9
137	-0.611122	0.000000	35.104479	0.000000	10.9
138	-0.611122	0.000000	35.104479	0.000000	14.8
139	-0.611122	0.000000	35.104479	0.000000	15.9
140	-0.611122	0.000000	35.104479	0.000000	11.7
141	-0.611122	0.000000	35.104479	0.000000	11.6
142	-0.611122	0.000000	35.104479	0.000000	13.1
143	-0.611122	0.000000	35.104479	0.000000	10.5
144	-0.611122	0.000000	35.104479	0.000000	13.5
145	-0.611122	0.000000	35.104479	0.000000	10.8
146	-0.611122	0.000000	35.104479	0.000000	11.5
147	-0.611122	0.000000	35.104479	0.000000	10.4
148	-0.611122	0.000000	35.104479	0.000000	14.6
149	-0.611122	0.000000	35.104479	0.000000	13.6
150	-0.611122	0.000000	35.104479	0.000000	14.3
151	-0.611122	0.000000	35.104479	0.000000	15.7
152	-0.611122	0.000000	35.104479	0.000000	12.6
153	-0.611122	0.000000	35.104479	0.000000	10.6
154	-0.611122	0.000000	35.104479	0.000000	15.6
155	-0.611122	0.000000	35.104479	0.000000	15.5
156	-0.611122	0.000000	35.104479	0.000000	9.6
157	-0.611122	0.000000	35.104479	0.000000	10.3
158	-0.611122	0.000000	35.104479	0.000000	12.4
159	-0.611122	0.000000	35.104479	0.000000	10.7
160	-0.611122	0.000000	35.104479	0.000000	10.4
161	-0.611122	0.000000	35.104479	0.000000	12.6
162	-0.611122	0.000000	35.104479	0.000000	10.6
163	-0.611122	0.000000	35.104479	0.000000	13.0
164	-0.611122	0.000000	35.104479	0.000000	12.6
165	-0.611122	0.000000	35.104479	0.000000	10.8
166	-0.611122	0.000000	35.104479	0.000000	14.1
167	-0.611122	0.000000	35.104479	0.000000	9.4
168	-0.611122	0.000000	35.104479	0.000000	15.0
169	-0.611122	0.000000	35.104479	0.000000	14.6
170	-0.611122	0.000000	35.104479	0.000000	10.4
171	-0.611122	0.000000	35.104479	0.000000	12.8
172	-0.611122	0.000000	35.104479	0.000000	12.1
173	-0.611122	0.000000	35.104479	0.000000	11.2
174	-0.611122	0.000000	35.104479	0.000000	12.0
175	-0.611122	0.000000	35.104479	0.000000	12.1
176	-0.611122	0.000000	35.104479	0.000000	9.4
177	-0.611122	0.000000	35.104479	0.000000	13.2
178	-0.611122	0.000000	35.104479	0.000000	11.1
179	-0.611122	0.000000	35.104479	0.000000	12.7
180	-0.611122	0.000000	35.104479	0.000000	14.1
181	-0.611122	0.000000	35.104479	0.000000	10.8
182	-0.611122	0.000000	35.104479	0.000000	15.8
183	-0.611122	0.000000	35.104479	0.000000	14.7
184	-0.611122	0.000000	35.104479	0.000000	12.0
185	-0.611122	0.000000	35.104479	0.000000	9.8
186	-0.611122	0.000000	35.104479	0.000000	11.4
187	-0.611122	0.000000	35.104479	0.000000	10.1
188	-0.611122	0.000000	35.104479	0.000000	13.1
189	-0.611122	0.000000	35.104479	0.000000	14.0
190	-0.611122	0.000000	35.104479	0.000000	12.3
191	-0.611122	0.000000	35.104479	0.000000	14.1
192	-0.611122	0.000000	35.104479	0.000000	13.1
193	-0.611122	0.000000	35.104479	0.000000	9.9
194	-0.611122	0.000000	35.104479	0.000000	9.5
195	-0.611122	0.000000	35.104479	0.000000	11.1
196	-0.611122	0.000000	35.104479	0.000000	11.1
197	-0.611122	0.000000	35.104479	0.000000	15.8
198	-0.611122	0.000000	35.104479	0.000000	9.9
199	-0.611122	0.000000	35.104479	0.000000	10.4
200	-0.611122	0.000000	35.104479	0.000000	13.9
201	-0.611122	0.000000	35.104479	0.000000	11.5
202	-0.611122	0.000000	35.104479	0.000000	14.8
203	-0.611122	0.000000	35.104479	0.000000	10.1
204	-0.611122	0.000000	35.104479	0.000000	12.7
205	-0.611122	0.000000	35.104479	0.000000	15.6
206	-0.611122	0.000000	35.104479	0.000000	14.5
207	-0.611122	0.000000	35.104479	0.000000	11.9
208	-0.611122	0.000000	35.104479	0.000000	11.1
209	-0.611122	0.000000	35.104479	0.000000	11.4
210	-0.611122	0.000000	35.104479	0.000000	14.8
211	-0.611122	0.000000	35.104479	0.000000	14.1
212	-0.611122	0.000000	35.104479	0.000000	11.7
213	-0.611122	0.000000	35.104479	0.000000	11.1
214	-0.611122	0.000000	35.104479	0.000000	9.8
215	-0.611122	0.000000	35.104479	0.000000	11.0
216	-0.611122	0.000000	35.104479	0.000000	12.8
217	-0.611122	0.000000	35.104479	0.000000	14.0
218	-0.611122	0.000000	35.104479	0.000000	10.5
219	-0.611122	0.000000	35.104479	0.000000	12.3
220	-0.611122	0.000000	35.104479	0.000000	11.1
221	-0.611122	0.000000	35.104479	0.000000	10.4
222	-0.611122	0.000000	35.104479	0.000000	11.3
223	-0.611122	0.000000	35.104479	0.000000	15.0
224	-0.611122	0.000000	35.104479	0.000000	16.0
225	-0.611122	0.000000	35.104479	0.000000	10.5
226	-0.611122	0.000000	35.104479	0.000000	11.0
227	-0.611122	0.000000	35.104479	0.000000	11.8
228	-0.611122	0.000000	35.104479	0.000000	12.1
229	-0.611122	0.000000	35.104479	0.000000	12.6
230	-0.611122	0.000000	35.104479	0.000000	13.6
231	-0.611122	0.000000	35.104479	0.000000	14.8
232	-0.611122	0.000000	35.104479	0.000000	9.8
233	-0.611122	0.000000	35.104479	0.000000	13.7
234	-0.611122	0.000000	35.104479	0.000000	10.2
235	-0.611122	0.000000	35.104479	0.000000	15.0
236	-0.611122	0.000000	35.104479	0.000000	12.4
237	-0.611122	0.000000	35.104479	0.000000	14.7
238	-0.611122	0.000000	35.104479	0.000000	9.6
239	-0.611122	0.000000	35.104479	0.000000	14.4
240	-0.611122	0.000000	35.104479	0.000000	14.3
241	-0.611122	0.000000	35.104479	0.000000	12.0
242	-0.611122	0.000000	35.104479	0.000000	14.0
243	-0.611122	0.000000	35.104479	0.000000	10.7
244	-0.611122	0.000000	35.104479	0.000000	11.5
245	-0.611122	0.000000	35.104479	0.000000	10.4
246	-0.611122	0.000000	35.104479	0.000000	15.1
247	-0.611122	0.000000	35.104479	0.000000	13.2
248	-0.611122	0.000000	35.104479	0.000000	16.0
249	-0.611122	0.000000	35.104479	0.000000	13.3
250	-0.611122	0.000000	35.104479	0.000000	13.3
251	-0.611122	0.000000	35.104479	0.000000	9.6
252	-0.611122	0.000000	35.104479	0.000000	15.1
253	-0.611122	0.000000	35.104479	0.000000	11.4
254	-0.611122	0.000000	35.104479	0.000000	13.0
255	-0.611122	0.000000	35.104479	0.000000	12.3
256	-0.611122	0.000000	35.104479	0.000000	15.1
257	-0.611122	0.000000	35.104479	0.000000	10.6
258	-0.611122	0.000000	35.104479	0.000000	12.8
259	-0.611122	0.000000	35.104479	0.000000	10.6
260	-0.611122	0.000000	35.104479	0.000000	12.3
261	-0.611122	0.000000	35.104479	0.000000	16.3
262	-0.611122	0.000000	35.104479	0.000000	14.1
263	-0.611122	0.000000	35.104479	0.000000	12.5
264	-0.611122	0.000000	35.104479	0.000000	10.8
265	-0.611122	0.000000	35.104479	0.000000	13.9
266	-0.611122	0.000000	35.104479	0.000000	11.9
267	-0.611122	0.000000	35.104479	0.000000	9.8
268	-0.611122	0.000000	35.104479	0.000000	11.0
269	-0.611122	0.000000	35.104479	0.000000	10.8
270	-0.611122	0.000000	35.104479	0.000000	12.0
271	-0.611122	0.000000	35.104479	0.000000	10.8
272	-0.611122	0.000000	35.104479	0.000000	10.8
273	-0.611122	0.000000	35.104479	0.000000	11.2
274	-0.611122	0.000000	35.104479	0.000000	14.4
275	-0.611122	0.000000	35.104479	0.000000	16.8
276	-0.611122	0.000000	35.104479	0.000000	10.9
277	-0.611122	0.000000	35.104479	0.000000	17.4
278	-0.611122	0.000000	35.104479	0.000000	13.1
279	-0.611122	0.000000	35.104479	0.000000	11.4
280	-0.611122	0.000000	35.104479	0.000000	10.5
281	-0.611122	0.000000	35.104479	0.000000	14.6
282	-0.611122	0.000000	35.104479	0.000000	13.0
283	-0.611122	0.000000	35.104479	0.000000	11.1
284	-0.611122	0.000000	35.104479	0.000000	11.3
285	-0.611122	0.000000	35.104479	0.000000	15.2
286	-0.611122	0.000000	35.104479	0.000000	10.6
287	-0.611122	0.000000	35.104479	0.000000	14.7
288	-0.611122	0.000000	35.104479	0.000000	11.3
289	-0.611122	0.000000	35.104479	0.000000	13.0
290	-0.611122	0.000000	35.104479	0.000000	13.3
291	-0.611122	0.000000	35.104479	0.000000	10.9
292	-0.611122	0.000000	35.104479	0.000000	16.1
293	-0.611122	0.000000	35.104479	0.000000	14.4
294	-0.611122	0.000000	35.104479	0.000000	12.5
295	-0.611122	0.000000	35.104479	0.000000	13.2
296	-0.611122	0.000000	35.104479	0.000000	9.8
297	-0.611122	0.000000	35.104479	0.000000	14.5
298	-0.611122	0.000000	35.104479	0.000000	12.9
299	-0.611122	0.000000	35.104479	0.000000	13.1
300	-0.611122	0.000000	35.104479	0.000000	14.0
301	-0.611122	0.000000	35.104479	0.000000	12.9
302	-0.611122	0.000000	35.104479	0.000000	14.8
303	-0.611122	0.000000	35.104479	0.000000	11.0
304	-0.611122	0.000000	35.104479	0.000000	9.8
305	-0.611122	0.000000	35.104479	0.000000	12.3
306	-0.611122	0.000000	35.104479	0.000000	13.3
307	-0.611122	0.000000	35.104479	0.000000	9.8
308	-0.611122	0.000000	35.104479	0.000000	12.4
309	-0.611122	0.000000	35.104479	0.000000	11.2
310	-0.611122	0.000000	35.104479	0.000000	16.8
311	-0.611122	0.000000	35.104479	0.000000	16.0
312	-0.611122	0.000000	35.104479	0.000000	11.8
313	-0.611122	0.000000	35.104479	0.000000	16.2
314	-0.611122	0.000000	35.104479	0.000000	15.9
315	-0.611122	0.000000	35.104479	0.000000	10.3
316	-0.611122	0.000000	35.104479	0.000000	12.1
317	-0.611122	0.000000	35.104479	0.000000	14.2
318	-0.611122	0.000000	35.104479	0.000000	14.4
319	-0.611122	0.000000	35.104479	0.000000	11.0
320	-0.611122	0.000000	35.104479	0.000000	10.9
321	-0.611122	0.000000	35.104479	0.000000	11.6
322	-0.611122	0.000000	35.104479	0.000000	16.2
323	-0.611122	0.000000	35.104479	0.000000	15.3
324	-0.611122	0.000000	35.104479	0.000000	9.9
325	-0.611122	0.000000	35.104479	0.000000	15.0
326	-0.611122	0.000000	35.104479	0.000000	11.1
327	-0.611122	0.000000	35.104479	0.000000	9.4
328	-0.611122	0.000000	35.104479	0.000000	14.9
329	-0.611122	0.000000	35.104479	0.000000	10.8
330	-0.611122	0.000000	35.104479	0.000000	14.8
331	-0.611122	0.000000	35.104479	0.000000	13.1
332	-0.611122	0.000000	35.104479	0.000000	12.0
333	-0.611122	0.000000	35.104479	0.000000	11.7
334	-0.611122	0.000000	35.104479	0.000000	9.5
335	-0.611122	0.000000	35.104479	0.000000	11.3
336	-0.611122	0.000000	35.104479	0.000000	11.2
337	-0.611122	0.000000	35.104479	0.000000	11.8
338	-0.611122	0.000000	35.104479	0.000000	15.0
339	-0.611122	0.000000	35.104479	0.000000	12.7
340	-0.611122	0.000000	35.104479	0.000000	12.8
341	-0.611122	0.000000	35.104479	0.000000	13.2
342	-0.611122	0.000000	35.104479	0.000000	13.5
343	-0.611122	0.000000	35.104479	0.000000	13.5
344	-0.611122	0.000000	35.104479	0.000000	11.9
345	-0.611122	0.000000	35.104479	0.000000	9.9
346	-0.611122	0.000000	35.104479	0.000000	9.7
347	-0.611122	0.000000	35.104479	0.000000	14.3
348	-0.611122	0.000000	35.104479	0.000000	12.4
349	-0.611122	0.000000	35.104479	0.000000	12.9
350	-0.611122	0.000000	35.104479	0.000000	13.7
351	-0.611122	0.000000	35.104479	0.000000	12.9
352	-0.611122	0.000000	35.104479	0.000000	13.7
353	-0.611122	0.000000	35.104479	0.000000	16.0
354	-0.611122	0.000000	35.104479	0.000000	11.2
355	-0.611122	0.000000	35.104479	0.000000	15.0
356	-0.611122	0.000000	35.104479	0.000000	10.8
357	-0.611122	0.000000	35.104479	0.000000	10.6
358	-0.611122	0.000000	35.104479	0.000000	12.6
359	-0.611122	0.000000	35.104479	0.000000	11.0
360	-0.611122	0.000000	35.104479	0.000000	9.7
361	-0.611122	0.000000	35.104479	0.000000	11.9
362	-0.611122	0.000000	35.104479	0.000000	14.0
363	-0.611122	0.000000	35.104479	0.000000	11.6
364	-0.611122	0.000000	35.104479	0.000000	11.8
365	-0.611122	0.000000	35.104479	0.000000	11.6
366	-0.611122	0.000000	35.104479	0.000000	13.2
367	-0.611122	0.000000	35.104479	0.000000	13.3
368	-0.611122	0.000000	35.104479	0.000000	13.5
369	-0.611122	0.000000	35.104479	0.000000	12.2
370	-0.611122	0.000000	35.104479	0.000000	13.7
371	-0.611122	0.000000	35.104479	0.000000	11.3
372	-0.611122	0.000000	35.104479	0.000000	12.0
373	-0.611122	0.000000	35.104479	0.000000	10.0
374	-0.611122	0.000000	35.104479	0.000000	10.4
375	-0.611122	0.000000	35.104479	0.000000	9.7
376	-0.611122	0.000000	35.104479	0.000000	12.8
377	-0.611122	0.000000	35.104479	0.000000	12.7
378	-0.611122	0.000000	35.104479	0.000000	9.8
379	-0.611122	0.000000	35.104479	0.000000	9.8
380	-0.611122	0.000000	35.104479	0.000000	13.4
381	-0.611122	0.000000	35.104479	0.000000	11.2
382	-0.611122	0.000000	35.104479	0.000000	12.9
383	-0.611122	0.000000	35.104479	0.000000	10.1
384	-0.611122	0.000000	35.104479	0.000000	10.1
385	-0.611122	0.000000	35.104479	0.000000	15.6
386	-0.611122	0.000000	35.104479	0.000000	14.0
387	-0.611122	0.000000	35.104479	0.000000	11.5
388	-0.611122	0.000000	35.104479	0.000000	16.2
389	-0.611122	0.000000	35.104479	0.000000	16.0
390	-0.611122	0.000000	35.104479	0.000000	9.8
391	-0.611122	0.000000	35.104479	0.000000	9.9
392	-0.611122	0.000000	35.104479	0.000000	12.9
393	-0.611122	0.000000	35.104479	0.000000	14.4
394	-0.611122	0.000000	35.104479	0.000000	9.5
395	-0.611122	0.000000	35.104479	0.000000	13.1
396	-0.611122	0.000000	35.104479	0.000000	10.4
397	-0.611122	0.000000	35.104479	0.000000	10.2
398	-0.611122	0.000000	35.104479	0.000000	12.2
399	-0.611122	0.000000	35.104479	0.000000	11.4
400	-0.611122	0.000000	35.104479	0.000000	14.9
401	-0.611122	0.000000	35.104479	0.000000	10.3
402	-0.611122	0.000000	35.104479	0.000000	13.9
403	-0.611122	0.000000	35.104479	0.000000	10.4
404	-0.611122	0.000000	35.104479	0.000000	15.5
405	-0.611122	0.000000	35.104479	0.000000	10.2
406	-0.611122	0.000000	35.104479	0.000000	14.9
407	-0.611122	0.000000	35.104479	0.000000	14.8
408	-0.611122	0.000000	35.104479	0.000000	14.9
409	-0.611122	0.000000	35.104479	0.000000	12.6
410	-0.611122	0.000000	35.104479	0.000000	13.1
411	-0.611122	0.000000	35.104479	0.000000	11.7
412	-0.611122	0.000000	35.104479	0.000000	9.6
413	-0.611122	0.000000	35.104479	0.000000	14.3
414	-0.611122	0.000000	35.104479	0.000000	15.3
415	-0.611122	0.000000	35.104479	0.000000	10.1
416	-0.611122	0.000000	35.104479	0.000000	15.4
417	-0.611122	0.000000	35.104479	0.000000	10.6
418	-0.611122	0.000000	35.104479	0.000000	11.3
419	-0.611122	0.000000	35.104479	0.000000	12.8
420	-0.611122	0.000000	35.104479	0.000000	13.4
421	-0.611122	0.000000	35.104479	0.000000	14.5
422	-0.611122	0.000000	35.104479	0.000000	9.6
423	-0.611122	0.000000	35.104479	0.000000	11.8
424	-0.611122	0.000000	35.104479	0.000000	14.0
425	-0.611122	0.000000	35.104479	0.000000	13.9
426	-0.611122	0.000000	35.104479	0.000000	10.3
427	-0.611122	0.000000	35.104479	0.000000	9.7
428	-0.611122	0.000000	35.104479	0.000000	10.8
429	-0.611122	0.000000	35.104479	0.000000	9.8
430	-0.611122	0.000000	35.104479	0.000000	12.5
431	-0.611122	0.000000	35.104479	0.000000	11.2
432	-0.611122	0.000000	35.104479	0.000000	14.9
433	-0.611122	0.000000	35.104479	0.000000	13.5
434	-0.611122	0.000000	35.104479	0.000000	11.4
435	-0.611122	0.000000	35.104479	0.000000	11.6
436	-0.611122	0.000000	35.104479	0.000000	11.4
437	-0.611122	0.000000	35.104479	0.000000	9.4
438	-0.611122	0.000000	35.104479	0.000000	9.9
439	-0.611122	0.000000	35.104479	0.000000	9.8
440	-0.611122	0.000000	35.104479	0.000000	11.1
441	-0.611122	0.000000	35.104479	0.000000	9.7
442	-0.611122	0.000000	35.104479	0.000000	12.6
443	-0.611122	0.000000	35.104479	0.000000	9.9
444	-0.611122	0.000000	35.104479	0.000000	10.7
445	-0.611122	0.000000	35.104479	0.000000	13.0
446	-0.611122	0.000000	35.104479	0.000000	11.7
447	-0.611122	0.000000	35.104479	0.000000	10.2
448	-0.611122	0.000000	35.104479	0.000000	13.6
449	-0.611122	0.000000	35.104479	0.000000	11.7
450	-0.611122	0.000000	35.104479	0.000000	12.1
451	-0.611122	0.000000	35.104479	0.000000	9.6
452	-0.611122	0.000000	35.104479	0.000000	11.9
453	-0.611122	0.000000	35.104479	0.000000	13.3
454	-0.611122	0.000000	35.104479	0.000000	9.6
455	-0.611122	0.000000	35.104479	0.000000	9.9
456	-0.611122	0.000000	35.104479	0.000000	16.0
457	-0.611122	0.000000	35.104479	0.000000	11.2
458	-0.611122	0.000000	35.104479	0.000000	16.5
459	-0.611122	0.000000	35.104479	0.000000	11.0
460	-0.611122	0.000000	35.104479	0.000000	11.6
461	-0.611122	0.000000	35.104479	0.000000	12.5
462	-0.611122	0.000000	35.104479	0.000000	10.2
463	-0.611122	0.000000	35.104479	0.000000	13.6
464	-0.611122	0.000000	35.104479	0.000000	10.6
465	-0.611122	0.000000	35.104479	0.000000	11.3
466	-0.611122	0.000000	35.104479	0.000000	11.8
467	-0.611122	0.000000	35.104479	0.000000	10.1
468	-0.611122	0.000000	35.104479	0.000000	14.2
469	-0.611122	0.000000	35.104479	0.000000	11.7
470	-0.611122	0.000000	35.104479	0.000000	12.9
471	-0.611122	0.000000	35.104479	0.000000	11.5
472	-0.611122	0.000000	35.104479	0.000000	12.9
473	-0.611122	0.000000	35.104479	0.000000	12.2
474	-0.611122	0.000000	35.104479	0.000000	10.8
475	-0.611122	0.000000	35.104479	0.000000	11.5
476	-0.611122	0.000000	35.104479	0.000000	15.0
477	-0.611122	0.000000	35.104479	0.000000	12.5
478	-0.611122	0.000000	35.104479	0.000000	13.3
479	-0.611122	0.000000	35.104479	0.000000	10.6
480	-0.611122	0.000000	35.104479	0.000000	15.8
481	-0.611122	0.000000	35.104479	0.000000	10.5
482	-0.611122	0.000000	35.104479	0.000000	14.0
483	-0.611122	0.000000	35.104479	0.000000	14.9
484	-0.611122	0.000000	35.104479	0.000000	9.8
485	-0.611122	0.000000	35.104479	0.000000	11.4
486	-0.611122	0.000000	35.104479	0.000000	10.3
487	-0.611122	0.000000	35.104479	0.000000	10.6
488	-0.611122	0.000000	35.104479	0.000000	10.1
489	-0.611122	0.000000	35.104479	0.000000	13.8
490	-0.611122	0.000000	35.104479	0.000000	10.1
491	-0.611122	0.000000	35.104479	0.000000	10.0
492	-0.611122	0.000000	35.104479	0.000000	10.4
493	-0.611122	0.000000	35.104479	0.000000	11.1
494	-0.611122	0.000000	35.104479	0.000000	14.3
495	-0.611122	0.000000	35.104479	0.000000	10.8
496	-0.611122	0.000000	35.104479	0.000000	13.7
497	-0.611122	0.000000	35.104479	0.000000	12.5
498	-0.611122	0.000000	35.104479	0.000000	10.1
499	-0.611122	0.000000	35.104479	0.000000	12.7
