1:ItNr	2:Metric	3a:Time	3b:StepSize	4:||Gradient||	Time[ms]
0	-0.672725	0.000000	24.538569	0.017171	90.5
1	-0.679096	0.000000	24.538569	0.017180	2.6
2	-0.684494	0.000000	24.538569	0.013412	46.3
3	-0.687541	0.000000	24.538569	0.011023	7.5
4	-0.689285	0.000000	24.538569	0.008540	2.4
5	-0.690171	0.000000	24.538569	0.006719	18.3
6	-0.690522	0.000000	24.538569	0.005202	2.3
7	-0.690607	0.000000	24.538569	0.004220	15.3
8	-0.690570	0.000000	24.538569	0.003597	32.6
9	-0.690567	0.000000	24.538569	0.003267	7.7
10	-0.690480	0.000000	24.538569	0.002890	2.4
11	-0.690383	0.000000	24.538569	0.002654	2.5
12	-0.690248	0.000000	24.538569	0.002388	14.4
13	-0.690022	0.000000	24.538569	0.002201	33.4
14	-0.689825	0.000000	24.538569	0.002130	21.7
15	-0.689692	0.000000	24.538569	0.001982	2.4
16	-0.689564	0.000000	24.538569	0.002119	2.2
17	-0.689388	0.000000	24.538569	0.002009	14.3
18	-0.689199	0.000000	24.538569	0.001978	2.2
19	-0.689102	0.000000	24.538569	0.001920	27.1
20	-0.688963	0.000000	24.538569	0.001757	26.8
21	-0.688848	0.000000	24.538569	0.001771	2.6
22	-0.688732	0.000000	24.538569	0.001691	2.3
23	-0.688631	0.000000	24.538569	0.001559	17.1
24	-0.688545	0.000000	24.538569	0.001610	2.3
25	-0.688479	0.000000	24.538569	0.001488	36.8
26	-0.688407	0.000000	24.538569	0.001396	15.3
27	-0.688350	0.000000	24.538569	0.001337	2.3
28	-0.688291	0.000000	24.538569	0.001275	15.0
29	-0.688267	0.000000	24.538569	0.001143	2.8
30	-0.688277	0.000000	24.538569	0.001083	2.4
31	-0.688295	0.000000	24.538569	0.000980	13.8
32	-0.688310	0.000000	24.538569	0.000915	38.3
33	-0.688333	0.000000	24.538569	0.000917	2.5
34	-0.688367	0.000000	24.538569	0.000935	2.7
35	-0.688391	0.000000	24.538569	0.000841	2.4
36	-0.688384	0.000000	24.538569	0.000767	16.0
37	-0.688404	0.000000	24.538569	0.000688	24.1
38	-0.688423	0.000000	24.538569	0.000616	29.5
39	-0.688460	0.000000	24.538569	0.000572	2.7
40	-0.688516	0.000000	24.538569	0.000519	2.2
41	-0.688552	0.000000	24.538569	0.000467	13.5
42	-0.688579	0.000000	24.538569	0.000437	2.1
43	-0.688625	0.000000	24.538569	0.000426	2.2
44	-0.688642	0.000000	24.538569	0.000377	45.6
45	-0.688640	0.000000	24.538569	0.000349	12.6
46	-0.688648	0.000000	24.538569	0.000355	13.7
47	-0.688646	0.000000	24.538569	0.000358	29.5
48	-0.688645	0.000000	24.538569	0.000328	21.3
49	-0.688644	0.000000	24.538569	0.000301	2.3
50	-0.688652	0.000000	24.538569	0.000265	2.3
51	-0.688650	0.000000	24.538569	0.000236	19.6
52	-0.688639	0.000000	24.538569	0.000213	2.3
53	-0.688628	0.000000	24.538569	0.000183	45.0
54	-0.688627	0.000000	24.538569	0.000169	8.2
55	-0.688616	0.000000	24.538569	0.000172	2.2
56	-0.688615	0.000000	24.538569	0.000148	14.4
57	-0.688614	0.000000	24.538569	0.000139	35.1
58	-0.688632	0.000000	24.538569	0.000120	17.8
59	-0.688631	0.000000	24.538569	0.000118	14.1
60	-0.688630	0.000000	24.538569	0.000090	2.5
61	-0.688629	0.000000	24.538569	0.000078	2.6
62	-0.688629	0.000000	24.538569	0.000070	29.8
63	-0.688628	0.000000	24.538569	0.000063	19.8
64	-0.688628	0.000000	24.538569	0.000057	2.8
65	-0.688627	0.000000	24.538569	0.000076	2.6
66	-0.688627	0.000000	24.538569	0.000060	2.2
67	-0.688627	0.000000	24.538569	0.000095	13.4
68	-0.688626	0.000000	24.538569	0.000085	2.3
69	-0.688625	0.000000	24.538569	0.000089	12.7
70	-0.688624	0.000000	24.538569	0.000085	39.5
71	-0.688623	0.000000	24.538569	0.000080	2.5
72	-0.688632	0.000000	24.538569	0.000044	2.4
73	-0.688631	0.000000	24.538569	0.000039	15.6
74	-0.688631	0.000000	24.538569	0.000034	2.4
75	-0.688631	0.000000	24.538569	0.000031	22.5
76	-0.688630	0.000000	24.538569	0.000028	31.5
77	-0.688630	0.000000	24.538569	0.000025	2.3
78	-0.688630	0.000000	24.538569	0.000023	11.9
79	-0.688639	0.000000	24.538569	0.000021	5.1
80	-0.688639	0.000000	24.538569	0.000019	30.9
81	-0.688639	0.000000	24.538569	0.000017	6.5
82	-0.688648	0.000000	24.538569	0.000015	2.6
83	-0.688648	0.000000	24.538569	0.000016	15.1
84	-0.688648	0.000000	24.538569	0.000014	2.4
85	-0.688648	0.000000	24.538569	0.000013	32.5
86	-0.688648	0.000000	24.538569	0.000012	19.2
87	-0.688648	0.000000	24.538569	0.000011	2.6
88	-0.688648	0.000000	24.538569	0.000010	2.3
89	-0.688647	0.000000	24.538569	0.000009	2.2
90	-0.688647	0.000000	24.538569	0.000009	15.8
91	-0.688647	0.000000	24.538569	0.000008	5.7
92	-0.688647	0.000000	24.538569	0.000008	31.4
93	-0.688647	0.000000	24.538569	0.000007	14.0
94	-0.688647	0.000000	24.538569	0.000006	14.9
95	-0.688647	0.000000	24.538569	0.000006	2.4
96	-0.688647	0.000000	24.538569	0.000006	2.3
97	-0.688647	0.000000	24.538569	0.000005	45.8
98	-0.688647	0.000000	24.538569	0.000005	2.7
99	-0.688647	0.000000	24.538569	0.000005	2.3
100	-0.688647	0.000000	24.538569	0.000004	14.8
101	-0.688647	0.000000	24.538569	0.000004	2.3
102	-0.688647	0.000000	24.538569	0.000004	37.7
103	-0.688657	0.000000	24.538569	0.000003	11.3
104	-0.688657	0.000000	24.538569	0.000003	2.5
105	-0.688657	0.000000	24.538569	0.000003	2.2
106	-0.688657	0.000000	24.538569	0.000003	11.5
107	-0.688666	0.000000	24.538569	0.000003	28.4
108	-0.688666	0.000000	24.538569	0.000002	27.1
109	-0.688666	0.000000	24.538569	0.000002	3.9
110	-0.688666	0.000000	24.538569	0.000002	2.5
111	-0.688666	0.000000	24.538569	0.000002	2.2
112	-0.688666	0.000000	24.538569	0.000002	16.4
113	-0.688666	0.000000	24.538569	0.000002	2.5
114	-0.688666	0.000000	24.538569	0.000002	2.2
115	-0.688666	0.000000	24.538569	0.000001	2.3
116	-0.688666	0.000000	24.538569	0.000001	2.3
117	-0.688666	0.000000	24.538569	0.000001	2.2
118	-0.688666	0.000000	24.538569	0.000001	37.1
119	-0.688666	0.000000	24.538569	0.000001	16.3
120	-0.688666	0.000000	24.538569	0.000001	2.4
121	-0.688666	0.000000	24.538569	0.000001	11.4
122	-0.688666	0.000000	24.538569	0.000001	6.6
123	-0.688666	0.000000	24.538569	0.000001	44.4
124	-0.688666	0.000000	24.538569	0.000001	10.4
125	-0.688666	0.000000	24.538569	0.000001	11.6
126	-0.688666	0.000000	24.538569	0.000001	5.3
127	-0.688666	0.000000	24.538569	0.000001	49.5
128	-0.688666	0.000000	24.538569	0.000001	5.2
129	-0.688666	0.000000	24.538569	0.000001	2.4
130	-0.688666	0.000000	24.538569	0.000001	3.8
131	-0.688666	0.000000	24.538569	0.000001	14.3
132	-0.688666	0.000000	24.538569	0.000000	2.3
133	-0.688666	0.000000	24.538569	0.000000	2.2
134	-0.688666	0.000000	24.538569	0.000000	39.5
135	-0.688666	0.000000	24.538569	0.000000	13.3
136	-0.688666	0.000000	24.538569	0.000000	2.2
137	-0.688666	0.000000	24.538569	0.000000	14.5
138	-0.688666	0.000000	24.538569	0.000000	2.2
139	-0.688666	0.000000	24.538569	0.000000	39.8
140	-0.688666	0.000000	24.538569	0.000000	16.2
141	-0.688666	0.000000	24.538569	0.000000	2.5
142	-0.688666	0.000000	24.538569	0.000000	15.2
143	-0.688666	0.000000	24.538569	0.000000	23.0
144	-0.688666	0.000000	24.538569	0.000000	26.7
145	-0.688666	0.000000	24.538569	0.000000	2.7
146	-0.688666	0.000000	24.538569	0.000000	2.3
147	-0.688666	0.000000	24.538569	0.000000	13.7
148	-0.688666	0.000000	24.538569	0.000000	2.2
149	-0.688666	0.000000	24.538569	0.000000	15.3
150	-0.688666	0.000000	24.538569	0.000000	31.7
151	-0.688666	0.000000	24.538569	0.000000	3.0
152	-0.688666	0.000000	24.538569	0.000000	2.3
153	-0.688666	0.000000	24.538569	0.000000	13.5
154	-0.688666	0.000000	24.538569	0.000000	2.7
155	-0.688666	0.000000	24.538569	0.000000	2.3
156	-0.688666	0.000000	24.538569	0.000000	3.2
157	-0.688666	0.000000	24.538569	0.000000	40.9
158	-0.688666	0.000000	24.538569	0.000000	7.5
159	-0.688666	0.000000	24.538569	0.000000	2.5
160	-0.688666	0.000000	24.538569	0.000000	2.3
161	-0.688666	0.000000	24.538569	0.000000	3.1
162	-0.688666	0.000000	24.538569	0.000000	2.9
163	-0.688666	0.000000	24.538569	0.000000	3.1
164	-0.688666	0.000000	24.538569	0.000000	3.3
165	-0.688666	0.000000	24.538569	0.000000	3.2
166	-0.688666	0.000000	24.538569	0.000000	2.3
167	-0.688666	0.000000	24.538569	0.000000	2.3
168	-0.688666	0.000000	24.538569	0.000000	36.3
169	-0.688666	0.000000	24.538569	0.000000	12.9
170	-0.688666	0.000000	24.538569	0.000000	2.7
171	-0.688666	0.000000	24.538569	0.000000	2.4
172	-0.688666	0.000000	24.538569	0.000000	2.3
173	-0.688666	0.000000	24.538569	0.000000	15.9
174	-0.688666	0.000000	24.538569	0.000000	2.3
175	-0.688666	0.000000	24.538569	0.000000	2.2
176	-0.688666	0.000000	24.538569	0.000000	2.2
177	-0.688666	0.000000	24.538569	0.000000	2.1
178	-0.688666	0.000000	24.538569	0.000000	2.2
179	-0.688666	0.000000	24.538569	0.000000	19.5
180	-0.688666	0.000000	24.538569	0.000000	32.4
181	-0.688666	0.000000	24.538569	0.000000	2.8
182	-0.688666	0.000000	24.538569	0.000000	2.4
183	-0.688666	0.000000	24.538569	0.000000	4.7
184	-0.688666	0.000000	24.538569	0.000000	2.4
185	-0.688666	0.000000	24.538569	0.000000	11.7
186	-0.688666	0.000000	24.538569	0.000000	31.4
187	-0.688666	0.000000	24.538569	0.000000	22.3
188	-0.688666	0.000000	24.538569	0.000000	3.0
189	-0.688666	0.000000	24.538569	0.000000	2.2
190	-0.688666	0.000000	24.538569	0.000000	13.8
191	-0.688666	0.000000	24.538569	0.000000	2.6
192	-0.688666	0.000000	24.538569	0.000000	39.0
193	-0.688666	0.000000	24.538569	0.000000	17.2
194	-0.688666	0.000000	24.538569	0.000000	2.2
195	-0.688666	0.000000	24.538569	0.000000	11.9
196	-0.688666	0.000000	24.538569	0.000000	3.0
197	-0.688666	0.000000	24.538569	0.000000	2.5
198	-0.688666	0.000000	24.538569	0.000000	32.1
199	-0.688666	0.000000	24.538569	0.000000	22.6
200	-0.688666	0.000000	24.538569	0.000000	3.2
201	-0.688666	0.000000	24.538569	0.000000	2.4
202	-0.688666	0.000000	24.538569	0.000000	13.8
203	-0.688666	0.000000	24.538569	0.000000	14.9
204	-0.688666	0.000000	24.538569	0.000000	37.3
205	-0.688666	0.000000	24.538569	0.000000	3.4
206	-0.688666	0.000000	24.538569	0.000000	2.7
207	-0.688666	0.000000	24.538569	0.000000	2.3
208	-0.688666	0.000000	24.538569	0.000000	12.2
209	-0.688666	0.000000	24.538569	0.000000	5.4
210	-0.688666	0.000000	24.538569	0.000000	24.6
211	-0.688666	0.000000	24.538569	0.000000	32.2
212	-0.688666	0.000000	24.538569	0.000000	2.3
213	-0.688666	0.000000	24.538569	0.000000	15.1
214	-0.688666	0.000000	24.538569	0.000000	2.3
215	-0.688666	0.000000	24.538569	0.000000	44.0
216	-0.688666	0.000000	24.538569	0.000000	11.5
217	-0.688666	0.000000	24.538569	0.000000	2.4
218	-0.688666	0.000000	24.538569	0.000000	13.9
219	-0.688666	0.000000	24.538569	0.000000	2.5
220	-0.688666	0.000000	24.538569	0.000000	54.7
221	-0.688666	0.000000	24.538569	0.000000	3.2
222	-0.688666	0.000000	24.538569	0.000000	2.5
223	-0.688666	0.000000	24.538569	0.000000	15.0
224	-0.688666	0.000000	24.538569	0.000000	2.2
225	-0.688666	0.000000	24.538569	0.000000	32.9
226	-0.688666	0.000000	24.538569	0.000000	19.5
227	-0.688666	0.000000	24.538569	0.000000	2.5
228	-0.688666	0.000000	24.538569	0.000000	15.0
229	-0.688666	0.000000	24.538569	0.000000	2.3
230	-0.688666	0.000000	24.538569	0.000000	11.6
231	-0.688666	0.000000	24.538569	0.000000	26.8
232	-0.688666	0.000000	24.538569	0.000000	15.9
233	-0.688666	0.000000	24.538569	0.000000	2.4
234	-0.688666	0.000000	24.538569	0.000000	16.6
235	-0.688666	0.000000	24.538569	0.000000	2.4
236	-0.688666	0.000000	24.538569	0.000000	50.8
237	-0.688666	0.000000	24.538569	0.000000	9.6
238	-0.688666	0.000000	24.538569	0.000000	14.2
239	-0.688666	0.000000	24.538569	0.000000	2.4
240	-0.688666	0.000000	24.538569	0.000000	45.7
241	-0.688666	0.000000	24.538569	0.000000	11.8
242	-0.688666	0.000000	24.538569	0.000000	2.2
243	-0.688666	0.000000	24.538569	0.000000	2.2
244	-0.688666	0.000000	24.538569	0.000000	17.2
245	-0.688666	0.000000	24.538569	0.000000	44.5
246	-0.688666	0.000000	24.538569	0.000000	6.0
247	-0.688666	0.000000	24.538569	0.000000	2.6
248	-0.688666	0.000000	24.538569	0.000000	2.4
249	-0.688666	0.000000	24.538569	0.000000	2.1
250	-0.688666	0.000000	24.538569	0.000000	13.8
251	-0.688666	0.000000	24.538569	0.000000	2.4
252	-0.688666	0.000000	24.538569	0.000000	36.4
253	-0.688666	0.000000	24.538569	0.000000	16.3
254	-0.688666	0.000000	24.538569	0.000000	2.3
255	-0.688666	0.000000	24.538569	0.000000	15.5
256	-0.688666	0.000000	24.538569	0.000000	3.0
257	-0.688666	0.000000	24.538569	0.000000	27.2
258	-0.688666	0.000000	24.538569	0.000000	25.7
259	-0.688666	0.000000	24.538569	0.000000	2.9
260	-0.688666	0.000000	24.538569	0.000000	2.4
261	-0.688666	0.000000	24.538569	0.000000	2.1
262	-0.688666	0.000000	24.538569	0.000000	12.9
263	-0.688666	0.000000	24.538569	0.000000	56.4
264	-0.688666	0.000000	24.538569	0.000000	2.6
265	-0.688666	0.000000	24.538569	0.000000	2.3
266	-0.688666	0.000000	24.538569	0.000000	14.1
267	-0.688666	0.000000	24.538569	0.000000	2.4
268	-0.688666	0.000000	24.538569	0.000000	2.2
269	-0.688666	0.000000	24.538569	0.000000	11.9
270	-0.688666	0.000000	24.538569	0.000000	33.0
271	-0.688666	0.000000	24.538569	0.000000	13.0
272	-0.688666	0.000000	24.538569	0.000000	3.3
273	-0.688666	0.000000	24.538569	0.000000	13.9
274	-0.688666	0.000000	24.538569	0.000000	43.0
275	-0.688666	0.000000	24.538569	0.000000	14.2
276	-0.688666	0.000000	24.538569	0.000000	2.8
277	-0.688666	0.000000	24.538569	0.000000	15.7
278	-0.688666	0.000000	24.538569	0.000000	2.5
279	-0.688666	0.000000	24.538569	0.000000	2.3
280	-0.688666	0.000000	24.538569	0.000000	44.4
281	-0.688666	0.000000	24.538569	0.000000	15.3
282	-0.688666	0.000000	24.538569	0.000000	13.4
283	-0.688666	0.000000	24.538569	0.000000	2.7
284	-0.688666	0.000000	24.538569	0.000000	34.4
285	-0.688666	0.000000	24.538569	0.000000	18.6
286	-0.688666	0.000000	24.538569	0.000000	3.0
287	-0.688666	0.000000	24.538569	0.000000	2.3
288	-0.688666	0.000000	24.538569	0.000000	2.1
289	-0.688666	0.000000	24.538569	0.000000	14.1
290	-0.688666	0.000000	24.538569	0.000000	2.6
291	-0.688666	0.000000	24.538569	0.000000	23.7
292	-0.688666	0.000000	24.538569	0.000000	27.6
293	-0.688666	0.000000	24.538569	0.000000	7.5
294	-0.688666	0.000000	24.538569	0.000000	2.4
295	-0.688666	0.000000	24.538569	0.000000	2.1
296	-0.688666	0.000000	24.538569	0.000000	16.5
297	-0.688666	0.000000	24.538569	0.000000	2.1
298	-0.688666	0.000000	24.538569	0.000000	31.1
299	-0.688666	0.000000	24.538569	0.000000	21.9
300	-0.688666	0.000000	24.538569	0.000000	3.0
301	-0.688666	0.000000	24.538569	0.000000	2.4
302	-0.688666	0.000000	24.538569	0.000000	13.1
303	-0.688666	0.000000	24.538569	0.000000	2.6
304	-0.688666	0.000000	24.538569	0.000000	2.2
305	-0.688666	0.000000	24.538569	0.000000	2.2
306	-0.688666	0.000000	24.538569	0.000000	32.5
307	-0.688666	0.000000	24.538569	0.000000	19.4
308	-0.688666	0.000000	24.538569	0.000000	2.7
309	-0.688666	0.000000	24.538569	0.000000	2.4
310	-0.688666	0.000000	24.538569	0.000000	2.3
311	-0.688666	0.000000	24.538569	0.000000	14.7
312	-0.688666	0.000000	24.538569	0.000000	2.3
313	-0.688666	0.000000	24.538569	0.000000	13.1
314	-0.688666	0.000000	24.538569	0.000000	36.2
315	-0.688666	0.000000	24.538569	0.000000	2.4
316	-0.688666	0.000000	24.538569	0.000000	2.4
317	-0.688666	0.000000	24.538569	0.000000	13.6
318	-0.688666	0.000000	24.538569	0.000000	2.2
319	-0.688666	0.000000	24.538569	0.000000	36.0
320	-0.688666	0.000000	24.538569	0.000000	30.9
321	-0.688666	0.000000	24.538569	0.000000	2.4
322	-0.688666	0.000000	24.538569	0.000000	17.7
323	-0.688666	0.000000	24.538569	0.000000	30.0
324	-0.688666	0.000000	24.538569	0.000000	4.6
325	-0.688666	0.000000	24.538569	0.000000	2.6
326	-0.688666	0.000000	24.538569	0.000000	9.8
327	-0.688666	0.000000	24.538569	0.000000	10.4
328	-0.688666	0.000000	24.538569	0.000000	34.3
329	-0.688666	0.000000	24.538569	0.000000	18.8
330	-0.688666	0.000000	24.538569	0.000000	2.5
331	-0.688666	0.000000	24.538569	0.000000	2.2
332	-0.688666	0.000000	24.538569	0.000000	14.8
333	-0.688666	0.000000	24.538569	0.000000	2.4
334	-0.688666	0.000000	24.538569	0.000000	2.2
335	-0.688666	0.000000	24.538569	0.000000	48.8
336	-0.688666	0.000000	24.538569	0.000000	2.6
337	-0.688666	0.000000	24.538569	0.000000	2.3
338	-0.688666	0.000000	24.538569	0.000000	15.0
339	-0.688666	0.000000	24.538569	0.000000	2.2
340	-0.688666	0.000000	24.538569	0.000000	34.1
341	-0.688666	0.000000	24.538569	0.000000	18.1
342	-0.688666	0.000000	24.538569	0.000000	2.6
343	-0.688666	0.000000	24.538569	0.000000	2.6
344	-0.688666	0.000000	24.538569	0.000000	14.2
345	-0.688666	0.000000	24.538569	0.000000	2.2
346	-0.688666	0.000000	24.538569	0.000000	2.3
347	-0.688666	0.000000	24.538569	0.000000	12.8
348	-0.688666	0.000000	24.538569	0.000000	33.0
349	-0.688666	0.000000	24.538569	0.000000	8.4
350	-0.688666	0.000000	24.538569	0.000000	2.6
351	-0.688666	0.000000	24.538569	0.000000	14.5
352	-0.688666	0.000000	24.538569	0.000000	2.4
353	-0.688666	0.000000	24.538569	0.000000	31.0
354	-0.688666	0.000000	24.538569	0.000000	22.6
355	-0.688666	0.000000	24.538569	0.000000	2.8
356	-0.688666	0.000000	24.538569	0.000000	2.3
357	-0.688666	0.000000	24.538569	0.000000	14.8
358	-0.688666	0.000000	24.538569	0.000000	23.4
359	-0.688666	0.000000	24.538569	0.000000	36.1
360	-0.688666	0.000000	24.538569	0.000000	2.5
361	-0.688666	0.000000	24.538569	0.000000	14.4
362	-0.688666	0.000000	24.538569	0.000000	2.6
363	-0.688666	0.000000	24.538569	0.000000	12.2
364	-0.688666	0.000000	24.538569	0.000000	35.9
365	-0.688666	0.000000	24.538569	0.000000	5.2
366	-0.688666	0.000000	24.538569	0.000000	2.4
367	-0.688666	0.000000	24.538569	0.000000	2.2
368	-0.688666	0.000000	24.538569	0.000000	17.9
369	-0.688666	0.000000	24.538569	0.000000	2.8
370	-0.688666	0.000000	24.538569	0.000000	2.4
371	-0.688666	0.000000	24.538569	0.000000	16.9
372	-0.688666	0.000000	24.538569	0.000000	38.0
373	-0.688666	0.000000	24.538569	0.000000	2.3
374	-0.688666	0.000000	24.538569	0.000000	16.4
375	-0.688666	0.000000	24.538569	0.000000	2.4
376	-0.688666	0.000000	24.538569	0.000000	21.8
377	-0.688666	0.000000	24.538569	0.000000	24.0
378	-0.688666	0.000000	24.538569	0.000000	9.3
379	-0.688666	0.000000	24.538569	0.000000	2.6
380	-0.688666	0.000000	24.538569	0.000000	2.2
381	-0.688666	0.000000	24.538569	0.000000	14.6
382	-0.688666	0.000000	24.538569	0.000000	2.3
383	-0.688666	0.000000	24.538569	0.000000	45.8
384	-0.688666	0.000000	24.538569	0.000000	10.0
385	-0.688666	0.000000	24.538569	0.000000	2.1
386	-0.688666	0.000000	24.538569	0.000000	14.1
387	-0.688666	0.000000	24.538569	0.000000	12.7
388	-0.688666	0.000000	24.538569	0.000000	22.0
389	-0.688666	0.000000	24.538569	0.000000	18.6
390	-0.688666	0.000000	24.538569	0.000000	2.8
391	-0.688666	0.000000	24.538569	0.000000	2.4
392	-0.688666	0.000000	24.538569	0.000000	15.3
393	-0.688666	0.000000	24.538569	0.000000	2.4
394	-0.688666	0.000000	24.538569	0.000000	24.5
395	-0.688666	0.000000	24.538569	0.000000	24.2
396	-0.688666	0.000000	24.538569	0.000000	3.1
397	-0.688666	0.000000	24.538569	0.000000	2.4
398	-0.688666	0.000000	24.538569	0.000000	12.4
399	-0.688666	0.000000	24.538569	0.000000	2.6
400	-0.688666	0.000000	24.538569	0.000000	2.3
401	-0.688666	0.000000	24.538569	0.000000	23.8
402	-0.688666	0.000000	24.538569	0.000000	22.2
403	-0.688666	0.000000	24.538569	0.000000	2.6
404	-0.688666	0.000000	24.538569	0.000000	2.4
405	-0.688666	0.000000	24.538569	0.000000	13.8
406	-0.688666	0.000000	24.538569	0.000000	2.3
407	-0.688666	0.000000	24.538569	0.000000	2.1
408	-0.688666	0.000000	24.538569	0.000000	44.4
409	-0.688666	0.000000	24.538569	0.000000	4.2
410	-0.688666	0.000000	24.538569	0.000000	2.2
411	-0.688666	0.000000	24.538569	0.000000	15.4
412	-0.688666	0.000000	24.538569	0.000000	2.3
413	-0.688666	0.000000	24.538569	0.000000	10.8
414	-0.688666	0.000000	24.538569	0.000000	28.0
415	-0.688666	0.000000	24.538569	0.000000	10.9
416	-0.688666	0.000000	24.538569	0.000000	2.8
417	-0.688666	0.000000	24.538569	0.000000	2.3
418	-0.688666	0.000000	24.538569	0.000000	16.1
419	-0.688666	0.000000	24.538569	0.000000	2.4
420	-0.688666	0.000000	24.538569	0.000000	21.6
421	-0.688666	0.000000	24.538569	0.000000	25.1
422	-0.688666	0.000000	24.538569	0.000000	3.6
423	-0.688666	0.000000	24.538569	0.000000	2.3
424	-0.688666	0.000000	24.538569	0.000000	16.9
425	-0.688666	0.000000	24.538569	0.000000	2.5
426	-0.688666	0.000000	24.538569	0.000000	23.4
427	-0.688666	0.000000	24.538569	0.000000	31.7
428	-0.688666	0.000000	24.538569	0.000000	2.9
429	-0.688666	0.000000	24.538569	0.000000	2.4
430	-0.688666	0.000000	24.538569	0.000000	8.0
431	-0.688666	0.000000	24.538569	0.000000	9.4
432	-0.688666	0.000000	24.538569	0.000000	2.4
433	-0.688666	0.000000	24.538569	0.000000	32.9
434	-0.688666	0.000000	24.538569	0.000000	17.3
435	-0.688666	0.000000	24.538569	0.000000	2.3
436	-0.688666	0.000000	24.538569	0.000000	13.9
437	-0.688666	0.000000	24.538569	0.000000	4.6
438	-0.688666	0.000000	24.538569	0.000000	2.4
439	-0.688666	0.000000	24.538569	0.000000	45.2
440	-0.688666	0.000000	24.538569	0.000000	10.7
441	-0.688666	0.000000	24.538569	0.000000	14.7
442	-0.688666	0.000000	24.538569	0.000000	2.3
443	-0.688666	0.000000	24.538569	0.000000	34.2
444	-0.688666	0.000000	24.538569	0.000000	21.5
445	-0.688666	0.000000	24.538569	0.000000	2.5
446	-0.688666	0.000000	24.538569	0.000000	16.4
447	-0.688666	0.000000	24.538569	0.000000	2.4
448	-0.688666	0.000000	24.538569	0.000000	25.1
449	-0.688666	0.000000	24.538569	0.000000	27.2
450	-0.688666	0.000000	24.538569	0.000000	2.8
451	-0.688666	0.000000	24.538569	0.000000	2.2
452	-0.688666	0.000000	24.538569	0.000000	14.9
453	-0.688666	0.000000	24.538569	0.000000	2.9
454	-0.688666	0.000000	24.538569	0.000000	20.7
455	-0.688666	0.000000	24.538569	0.000000	23.5
456	-0.688666	0.000000	24.538569	0.000000	9.2
457	-0.688666	0.000000	24.538569	0.000000	2.4
458	-0.688666	0.000000	24.538569	0.000000	2.2
459	-0.688666	0.000000	24.538569	0.000000	12.9
460	-0.688666	0.000000	24.538569	0.000000	2.4
461	-0.688666	0.000000	24.538569	0.000000	56.4
462	-0.688666	0.000000	24.538569	0.000000	14.8
463	-0.688666	0.000000	24.538569	0.000000	2.4
464	-0.688666	0.000000	24.538569	0.000000	53.7
465	-0.688666	0.000000	24.538569	0.000000	2.7
466	-0.688666	0.000000	24.538569	0.000000	2.4
467	-0.688666	0.000000	24.538569	0.000000	16.0
468	-0.688666	0.000000	24.538569	0.000000	2.6
469	-0.688666	0.000000	24.538569	0.000000	2.2
470	-0.688666	0.000000	24.538569	0.000000	47.3
471	-0.688666	0.000000	24.538569	0.000000	3.0
472	-0.688666	0.000000	24.538569	0.000000	2.8
473	-0.688666	0.000000	24.538569	0.000000	2.3
474	-0.688666	0.000000	24.538569	0.000000	14.7
475	-0.688666	0.000000	24.538569	0.000000	2.2
476	-0.688666	0.000000	24.538569	0.000000	12.0
477	-0.688666	0.000000	24.538569	0.000000	40.7
478	-0.688666	0.000000	24.538569	0.000000	15.7
479	-0.688666	0.000000	24.538569	0.000000	2.5
480	-0.688666	0.000000	24.538569	0.000000	45.2
481	-0.688666	0.000000	24.538569	0.000000	3.3
482	-0.688666	0.000000	24.538569	0.000000	2.5
483	-0.688666	0.000000	24.538569	0.000000	2.1
484	-0.688666	0.000000	24.538569	0.000000	2.2
485	-0.688666	0.000000	24.538569	0.000000	4.4
486	-0.688666	0.000000	24.538569	0.000000	2.4
487	-0.688666	0.000000	24.538569	0.000000	12.2
488	-0.688666	0.000000	24.538569	0.000000	2.7
489	-0.688666	0.000000	24.538569	0.000000	2.2
490	-0.688666	0.000000	24.538569	0.000000	48.4
491	-0.688666	0.000000	24.538569	0.000000	4.9
492	-0.688666	0.000000	24.538569	0.000000	2.4
493	-0.688666	0.000000	24.538569	0.000000	15.6
494	-0.688666	0.000000	24.538569	0.000000	2.4
495	-0.688666	0.000000	24.538569	0.000000	23.3
496	-0.688666	0.000000	24.538569	0.000000	32.2
497	-0.688666	0.000000	24.538569	0.000000	2.3
498	-0.688666	0.000000	24.538569	0.000000	14.5
499	-0.688666	0.000000	24.538569	0.000000	2.5
500	-0.688666	0.000000	24.538569	0.000000	39.4
501	-0.688666	0.000000	24.538569	0.000000	15.7
502	-0.688666	0.000000	24.538569	0.000000	16.0
503	-0.688666	0.000000	24.538569	0.000000	2.7
504	-0.688666	0.000000	24.538569	0.000000	28.4
505	-0.688666	0.000000	24.538569	0.000000	27.2
506	-0.688666	0.000000	24.538569	0.000000	2.5
507	-0.688666	0.000000	24.538569	0.000000	15.3
508	-0.688666	0.000000	24.538569	0.000000	3.1
509	-0.688666	0.000000	24.538569	0.000000	24.9
510	-0.688666	0.000000	24.538569	0.000000	27.7
511	-0.688666	0.000000	24.538569	0.000000	2.3
512	-0.688666	0.000000	24.538569	0.000000	15.5
513	-0.688666	0.000000	24.538569	0.000000	2.7
514	-0.688666	0.000000	24.538569	0.000000	44.5
515	-0.688666	0.000000	24.538569	0.000000	8.4
516	-0.688666	0.000000	24.538569	0.000000	2.4
517	-0.688666	0.000000	24.538569	0.000000	2.2
518	-0.688666	0.000000	24.538569	0.000000	14.6
519	-0.688666	0.000000	24.538569	0.000000	2.7
520	-0.688666	0.000000	24.538569	0.000000	43.4
521	-0.688666	0.000000	24.538569	0.000000	11.2
522	-0.688666	0.000000	24.538569	0.000000	2.3
523	-0.688666	0.000000	24.538569	0.000000	14.4
524	-0.688666	0.000000	24.538569	0.000000	2.3
525	-0.688666	0.000000	24.538569	0.000000	43.7
526	-0.688666	0.000000	24.538569	0.000000	6.1
527	-0.688666	0.000000	24.538569	0.000000	2.5
528	-0.688666	0.000000	24.538569	0.000000	2.3
529	-0.688666	0.000000	24.538569	0.000000	15.0
530	-0.688666	0.000000	24.538569	0.000000	2.3
531	-0.688666	0.000000	24.538569	0.000000	15.6
532	-0.688666	0.000000	24.538569	0.000000	33.3
533	-0.688666	0.000000	24.538569	0.000000	2.6
534	-0.688666	0.000000	24.538569	0.000000	14.6
535	-0.688666	0.000000	24.538569	0.000000	47.3
536	-0.688666	0.000000	24.538569	0.000000	2.7
537	-0.688666	0.000000	24.538569	0.000000	2.5
538	-0.688666	0.000000	24.538569	0.000000	2.4
539	-0.688666	0.000000	24.538569	0.000000	15.7
540	-0.688666	0.000000	24.538569	0.000000	26.1
541	-0.688666	0.000000	24.538569	0.000000	29.8
542	-0.688666	0.000000	24.538569	0.000000	14.3
543	-0.688666	0.000000	24.538569	0.000000	2.5
544	-0.688666	0.000000	24.538569	0.000000	2.2
545	-0.688666	0.000000	24.538569	0.000000	2.3
546	-0.688666	0.000000	24.538569	0.000000	43.1
547	-0.688666	0.000000	24.538569	0.000000	10.8
548	-0.688666	0.000000	24.538569	0.000000	2.8
549	-0.688666	0.000000	24.538569	0.000000	2.2
550	-0.688666	0.000000	24.538569	0.000000	11.2
551	-0.688666	0.000000	24.538569	0.000000	6.3
552	-0.688666	0.000000	24.538569	0.000000	20.6
553	-0.688666	0.000000	24.538569	0.000000	28.8
554	-0.688666	0.000000	24.538569	0.000000	3.0
555	-0.688666	0.000000	24.538569	0.000000	13.0
556	-0.688666	0.000000	24.538569	0.000000	26.8
557	-0.688666	0.000000	24.538569	0.000000	25.7
558	-0.688666	0.000000	24.538569	0.000000	3.3
559	-0.688666	0.000000	24.538569	0.000000	2.3
560	-0.688666	0.000000	24.538569	0.000000	2.2
561	-0.688666	0.000000	24.538569	0.000000	14.8
562	-0.688666	0.000000	24.538569	0.000000	2.4
563	-0.688666	0.000000	24.538569	0.000000	2.3
564	-0.688666	0.000000	24.538569	0.000000	52.4
565	-0.688666	0.000000	24.538569	0.000000	2.8
566	-0.688666	0.000000	24.538569	0.000000	2.3
567	-0.688666	0.000000	24.538569	0.000000	14.9
568	-0.688666	0.000000	24.538569	0.000000	2.8
569	-0.688666	0.000000	24.538569	0.000000	49.5
570	-0.688666	0.000000	24.538569	0.000000	3.0
571	-0.688666	0.000000	24.538569	0.000000	2.5
572	-0.688666	0.000000	24.538569	0.000000	15.7
573	-0.688666	0.000000	24.538569	0.000000	2.4
574	-0.688666	0.000000	24.538569	0.000000	2.2
575	-0.688666	0.000000	24.538569	0.000000	50.1
576	-0.688666	0.000000	24.538569	0.000000	3.3
577	-0.688666	0.000000	24.538569	0.000000	2.7
578	-0.688666	0.000000	24.538569	0.000000	2.2
579	-0.688666	0.000000	24.538569	0.000000	2.3
580	-0.688666	0.000000	24.538569	0.000000	15.3
581	-0.688666	0.000000	24.538569	0.000000	2.2
582	-0.688666	0.000000	24.538569	0.000000	38.7
583	-0.688666	0.000000	24.538569	0.000000	18.8
584	-0.688666	0.000000	24.538569	0.000000	2.2
585	-0.688666	0.000000	24.538569	0.000000	14.1
586	-0.688666	0.000000	24.538569	0.000000	2.3
587	-0.688666	0.000000	24.538569	0.000000	23.3
588	-0.688666	0.000000	24.538569	0.000000	32.3
589	-0.688666	0.000000	24.538569	0.000000	3.0
590	-0.688666	0.000000	24.538569	0.000000	15.0
591	-0.688666	0.000000	24.538569	0.000000	2.5
592	-0.688666	0.000000	24.538569	0.000000	2.4
593	-0.688666	0.000000	24.538569	0.000000	2.3
594	-0.688666	0.000000	24.538569	0.000000	32.5
595	-0.688666	0.000000	24.538569	0.000000	18.6
596	-0.688666	0.000000	24.538569	0.000000	2.6
597	-0.688666	0.000000	24.538569	0.000000	2.4
598	-0.688666	0.000000	24.538569	0.000000	14.1
599	-0.688666	0.000000	24.538569	0.000000	27.2
600	-0.688666	0.000000	24.538569	0.000000	29.8
601	-0.688666	0.000000	24.538569	0.000000	2.5
602	-0.688666	0.000000	24.538569	0.000000	2.5
603	-0.688666	0.000000	24.538569	0.000000	15.7
604	-0.688666	0.000000	24.538569	0.000000	2.3
605	-0.688666	0.000000	24.538569	0.000000	2.1
606	-0.688666	0.000000	24.538569	0.000000	37.1
607	-0.688666	0.000000	24.538569	0.000000	15.4
608	-0.688666	0.000000	24.538569	0.000000	2.3
609	-0.688666	0.000000	24.538569	0.000000	13.4
610	-0.688666	0.000000	24.538569	0.000000	3.6
611	-0.688666	0.000000	24.538569	0.000000	2.3
612	-0.688666	0.000000	24.538569	0.000000	23.9
613	-0.688666	0.000000	24.538569	0.000000	28.5
614	-0.688666	0.000000	24.538569	0.000000	2.3
615	-0.688666	0.000000	24.538569	0.000000	2.1
616	-0.688666	0.000000	24.538569	0.000000	15.0
617	-0.688666	0.000000	24.538569	0.000000	2.4
618	-0.688666	0.000000	24.538569	0.000000	44.4
619	-0.688666	0.000000	24.538569	0.000000	9.1
620	-0.688666	0.000000	24.538569	0.000000	2.7
621	-0.688666	0.000000	24.538569	0.000000	2.3
622	-0.688666	0.000000	24.538569	0.000000	15.2
623	-0.688666	0.000000	24.538569	0.000000	2.5
624	-0.688666	0.000000	24.538569	0.000000	6.1
625	-0.688666	0.000000	24.538569	0.000000	19.9
626	-0.688666	0.000000	24.538569	0.000000	9.3
627	-0.688666	0.000000	24.538569	0.000000	14.6
628	-0.688666	0.000000	24.538569	0.000000	2.9
629	-0.688666	0.000000	24.538569	0.000000	2.5
630	-0.688666	0.000000	24.538569	0.000000	2.2
631	-0.688666	0.000000	24.538569	0.000000	16.0
632	-0.688666	0.000000	24.538569	0.000000	2.4
633	-0.688666	0.000000	24.538569	0.000000	49.1
634	-0.688666	0.000000	24.538569	0.000000	3.4
635	-0.688666	0.000000	24.538569	0.000000	2.3
636	-0.688666	0.000000	24.538569	0.000000	14.8
637	-0.688666	0.000000	24.538569	0.000000	27.3
638	-0.688666	0.000000	24.538569	0.000000	23.2
639	-0.688666	0.000000	24.538569	0.000000	3.4
640	-0.688666	0.000000	24.538569	0.000000	2.6
641	-0.688666	0.000000	24.538569	0.000000	14.8
642	-0.688666	0.000000	24.538569	0.000000	46.4
643	-0.688666	0.000000	24.538569	0.000000	5.4
644	-0.688666	0.000000	24.538569	0.000000	2.4
645	-0.688666	0.000000	24.538569	0.000000	2.2
646	-0.688666	0.000000	24.538569	0.000000	15.5
647	-0.688666	0.000000	24.538569	0.000000	2.4
648	-0.688666	0.000000	24.538569	0.000000	45.1
649	-0.688666	0.000000	24.538569	0.000000	3.9
650	-0.688666	0.000000	24.538569	0.000000	2.5
651	-0.688666	0.000000	24.538569	0.000000	11.5
652	-0.688666	0.000000	24.538569	0.000000	5.3
653	-0.688666	0.000000	24.538569	0.000000	36.5
654	-0.688666	0.000000	24.538569	0.000000	17.1
655	-0.688666	0.000000	24.538569	0.000000	2.5
656	-0.688666	0.000000	24.538569	0.000000	14.4
657	-0.688666	0.000000	24.538569	0.000000	12.9
658	-0.688666	0.000000	24.538569	0.000000	33.5
659	-0.688666	0.000000	24.538569	0.000000	3.1
660	-0.688666	0.000000	24.538569	0.000000	2.4
661	-0.688666	0.000000	24.538569	0.000000	15.1
662	-0.688666	0.000000	24.538569	0.000000	2.8
663	-0.688666	0.000000	24.538569	0.000000	2.2
664	-0.688666	0.000000	24.538569	0.000000	30.7
665	-0.688666	0.000000	24.538569	0.000000	23.3
666	-0.688666	0.000000	24.538569	0.000000	2.3
667	-0.688666	0.000000	24.538569	0.000000	13.5
668	-0.688666	0.000000	24.538569	0.000000	2.3
669	-0.688666	0.000000	24.538569	0.000000	43.5
670	-0.688666	0.000000	24.538569	0.000000	8.9
671	-0.688666	0.000000	24.538569	0.000000	2.8
672	-0.688666	0.000000	24.538569	0.000000	2.2
673	-0.688666	0.000000	24.538569	0.000000	2.2
674	-0.688666	0.000000	24.538569	0.000000	18.6
675	-0.688666	0.000000	24.538569	0.000000	23.2
676	-0.688666	0.000000	24.538569	0.000000	23.4
677	-0.688666	0.000000	24.538569	0.000000	8.1
678	-0.688666	0.000000	24.538569	0.000000	13.9
679	-0.688666	0.000000	24.538569	0.000000	2.8
680	-0.688666	0.000000	24.538569	0.000000	45.7
681	-0.688666	0.000000	24.538569	0.000000	4.4
682	-0.688666	0.000000	24.538569	0.000000	2.5
683	-0.688666	0.000000	24.538569	0.000000	2.4
684	-0.688666	0.000000	24.538569	0.000000	14.9
685	-0.688666	0.000000	24.538569	0.000000	2.3
686	-0.688666	0.000000	24.538569	0.000000	48.3
687	-0.688666	0.000000	24.538569	0.000000	2.9
688	-0.688666	0.000000	24.538569	0.000000	2.4
689	-0.688666	0.000000	24.538569	0.000000	2.2
690	-0.688666	0.000000	24.538569	0.000000	19.8
691	-0.688666	0.000000	24.538569	0.000000	34.6
692	-0.688666	0.000000	24.538569	0.000000	16.0
693	-0.688666	0.000000	24.538569	0.000000	2.6
694	-0.688666	0.000000	24.538569	0.000000	2.3
695	-0.688666	0.000000	24.538569	0.000000	14.4
696	-0.688666	0.000000	24.538569	0.000000	23.4
697	-0.688666	0.000000	24.538569	0.000000	26.6
698	-0.688666	0.000000	24.538569	0.000000	2.6
699	-0.688666	0.000000	24.538569	0.000000	2.2
700	-0.688666	0.000000	24.538569	0.000000	17.5
701	-0.688666	0.000000	24.538569	0.000000	28.1
702	-0.688666	0.000000	24.538569	0.000000	18.5
703	-0.688666	0.000000	24.538569	0.000000	2.9
704	-0.688666	0.000000	24.538569	0.000000	2.3
705	-0.688666	0.000000	24.538569	0.000000	14.6
706	-0.688666	0.000000	24.538569	0.000000	2.5
707	-0.688666	0.000000	24.538569	0.000000	31.1
708	-0.688666	0.000000	24.538569	0.000000	37.1
709	-0.688666	0.000000	24.538569	0.000000	2.5
710	-0.688666	0.000000	24.538569	0.000000	27.3
711	-0.688666	0.000000	24.538569	0.000000	18.5
712	-0.688666	0.000000	24.538569	0.000000	3.0
713	-0.688666	0.000000	24.538569	0.000000	2.4
714	-0.688666	0.000000	24.538569	0.000000	2.3
715	-0.688666	0.000000	24.538569	0.000000	15.0
716	-0.688666	0.000000	24.538569	0.000000	2.4
717	-0.688666	0.000000	24.538569	0.000000	39.3
718	-0.688666	0.000000	24.538569	0.000000	11.8
719	-0.688666	0.000000	24.538569	0.000000	2.6
720	-0.688666	0.000000	24.538569	0.000000	2.2
721	-0.688666	0.000000	24.538569	0.000000	14.9
722	-0.688666	0.000000	24.538569	0.000000	2.4
723	-0.688666	0.000000	24.538569	0.000000	44.0
724	-0.688666	0.000000	24.538569	0.000000	7.6
725	-0.688666	0.000000	24.538569	0.000000	2.6
726	-0.688666	0.000000	24.538569	0.000000	2.4
727	-0.688666	0.000000	24.538569	0.000000	2.3
728	-0.688666	0.000000	24.538569	0.000000	15.6
729	-0.688666	0.000000	24.538569	0.000000	2.7
730	-0.688666	0.000000	24.538569	0.000000	2.7
731	-0.688666	0.000000	24.538569	0.000000	51.1
732	-0.688666	0.000000	24.538569	0.000000	3.6
733	-0.688666	0.000000	24.538569	0.000000	2.3
734	-0.688666	0.000000	24.538569	0.000000	15.5
735	-0.688666	0.000000	24.538569	0.000000	2.5
736	-0.688666	0.000000	24.538569	0.000000	2.2
737	-0.688666	0.000000	24.538569	0.000000	24.5
738	-0.688666	0.000000	24.538569	0.000000	28.4
739	-0.688666	0.000000	24.538569	0.000000	2.6
740	-0.688666	0.000000	24.538569	0.000000	2.4
741	-0.688666	0.000000	24.538569	0.000000	2.4
742	-0.688666	0.000000	24.538569	0.000000	15.9
743	-0.688666	0.000000	24.538569	0.000000	2.4
744	-0.688666	0.000000	24.538569	0.000000	20.6
745	-0.688666	0.000000	24.538569	0.000000	35.6
746	-0.688666	0.000000	24.538569	0.000000	2.8
747	-0.688666	0.000000	24.538569	0.000000	2.3
748	-0.688666	0.000000	24.538569	0.000000	2.2
749	-0.688666	0.000000	24.538569	0.000000	15.7
750	-0.688666	0.000000	24.538569	0.000000	46.3
751	-0.688666	0.000000	24.538569	0.000000	10.5
752	-0.688666	0.000000	24.538569	0.000000	2.4
753	-0.688666	0.000000	24.538569	0.000000	2.3
754	-0.688666	0.000000	24.538569	0.000000	15.6
755	-0.688666	0.000000	24.538569	0.000000	2.2
756	-0.688666	0.000000	24.538569	0.000000	15.9
757	-0.688666	0.000000	24.538569	0.000000	34.2
758	-0.688666	0.000000	24.538569	0.000000	5.7
759	-0.688666	0.000000	24.538569	0.000000	2.9
760	-0.688666	0.000000	24.538569	0.000000	2.7
761	-0.688666	0.000000	24.538569	0.000000	14.9
762	-0.688666	0.000000	24.538569	0.000000	3.3
763	-0.688666	0.000000	24.538569	0.000000	3.4
764	-0.688666	0.000000	24.538569	0.000000	23.3
765	-0.688666	0.000000	24.538569	0.000000	29.1
766	-0.688666	0.000000	24.538569	0.000000	3.0
767	-0.688666	0.000000	24.538569	0.000000	2.7
768	-0.688666	0.000000	24.538569	0.000000	2.3
769	-0.688666	0.000000	24.538569	0.000000	2.3
770	-0.688666	0.000000	24.538569	0.000000	15.9
771	-0.688666	0.000000	24.538569	0.000000	2.3
772	-0.688666	0.000000	24.538569	0.000000	24.0
773	-0.688666	0.000000	24.538569	0.000000	27.5
774	-0.688666	0.000000	24.538569	0.000000	3.1
775	-0.688666	0.000000	24.538569	0.000000	2.4
776	-0.688666	0.000000	24.538569	0.000000	2.4
777	-0.688666	0.000000	24.538569	0.000000	15.6
778	-0.688666	0.000000	24.538569	0.000000	2.3
779	-0.688666	0.000000	24.538569	0.000000	32.9
780	-0.688666	0.000000	24.538569	0.000000	19.3
781	-0.688666	0.000000	24.538569	0.000000	2.4
782	-0.688666	0.000000	24.538569	0.000000	2.2
783	-0.688666	0.000000	24.538569	0.000000	2.3
784	-0.688666	0.000000	24.538569	0.000000	14.2
785	-0.688666	0.000000	24.538569	0.000000	2.6
786	-0.688666	0.000000	24.538569	0.000000	2.3
787	-0.688666	0.000000	24.538569	0.000000	2.3
788	-0.688666	0.000000	24.538569	0.000000	55.2
789	-0.688666	0.000000	24.538569	0.000000	15.8
790	-0.688666	0.000000	24.538569	0.000000	2.5
791	-0.688666	0.000000	24.538569	0.000000	45.2
792	-0.688666	0.000000	24.538569	0.000000	3.6
793	-0.688666	0.000000	24.538569	0.000000	2.6
794	-0.688666	0.000000	24.538569	0.000000	16.4
795	-0.688666	0.000000	24.538569	0.000000	2.7
796	-0.688666	0.000000	24.538569	0.000000	23.1
797	-0.688666	0.000000	24.538569	0.000000	32.6
798	-0.688666	0.000000	24.538569	0.000000	2.3
799	-0.688666	0.000000	24.538569	0.000000	2.1
800	-0.688666	0.000000	24.538569	0.000000	15.4
801	-0.688666	0.000000	24.538569	0.000000	2.3
802	-0.688666	0.000000	24.538569	0.000000	2.5
803	-0.688666	0.000000	24.538569	0.000000	17.6
804	-0.688666	0.000000	24.538569	0.000000	34.9
805	-0.688666	0.000000	24.538569	0.000000	2.6
806	-0.688666	0.000000	24.538569	0.000000	2.4
807	-0.688666	0.000000	24.538569	0.000000	14.1
808	-0.688666	0.000000	24.538569	0.000000	20.9
809	-0.688666	0.000000	24.538569	0.000000	28.9
810	-0.688666	0.000000	24.538569	0.000000	4.8
811	-0.688666	0.000000	24.538569	0.000000	2.6
812	-0.688666	0.000000	24.538569	0.000000	14.7
813	-0.688666	0.000000	24.538569	0.000000	2.5
814	-0.688666	0.000000	24.538569	0.000000	14.4
815	-0.688666	0.000000	24.538569	0.000000	37.1
816	-0.688666	0.000000	24.538569	0.000000	2.5
817	-0.688666	0.000000	24.538569	0.000000	2.5
818	-0.688666	0.000000	24.538569	0.000000	15.0
819	-0.688666	0.000000	24.538569	0.000000	2.6
820	-0.688666	0.000000	24.538569	0.000000	6.2
821	-0.688666	0.000000	24.538569	0.000000	41.4
822	-0.688666	0.000000	24.538569	0.000000	3.9
823	-0.688666	0.000000	24.538569	0.000000	2.4
824	-0.688666	0.000000	24.538569	0.000000	2.3
825	-0.688666	0.000000	24.538569	0.000000	2.3
826	-0.688666	0.000000	24.538569	0.000000	13.7
827	-0.688666	0.000000	24.538569	0.000000	2.3
828	-0.688666	0.000000	24.538569	0.000000	2.2
829	-0.688666	0.000000	24.538569	0.000000	47.1
830	-0.688666	0.000000	24.538569	0.000000	3.2
831	-0.688666	0.000000	24.538569	0.000000	2.6
832	-0.688666	0.000000	24.538569	0.000000	2.5
833	-0.688666	0.000000	24.538569	0.000000	16.6
834	-0.688666	0.000000	24.538569	0.000000	2.5
835	-0.688666	0.000000	24.538569	0.000000	32.5
836	-0.688666	0.000000	24.538569	0.000000	14.4
837	-0.688666	0.000000	24.538569	0.000000	3.4
838	-0.688666	0.000000	24.538569	0.000000	2.4
839	-0.688666	0.000000	24.538569	0.000000	15.8
840	-0.688666	0.000000	24.538569	0.000000	2.4
841	-0.688666	0.000000	24.538569	0.000000	2.3
842	-0.688666	0.000000	24.538569	0.000000	46.0
843	-0.688666	0.000000	24.538569	0.000000	3.7
844	-0.688666	0.000000	24.538569	0.000000	2.5
845	-0.688666	0.000000	24.538569	0.000000	14.1
846	-0.688666	0.000000	24.538569	0.000000	2.6
847	-0.688666	0.000000	24.538569	0.000000	2.3
848	-0.688666	0.000000	24.538569	0.000000	36.8
849	-0.688666	0.000000	24.538569	0.000000	15.9
850	-0.688666	0.000000	24.538569	0.000000	2.4
851	-0.688666	0.000000	24.538569	0.000000	2.4
852	-0.688666	0.000000	24.538569	0.000000	17.3
853	-0.688666	0.000000	24.538569	0.000000	2.5
854	-0.688666	0.000000	24.538569	0.000000	19.8
855	-0.688666	0.000000	24.538569	0.000000	26.5
856	-0.688666	0.000000	24.538569	0.000000	11.6
857	-0.688666	0.000000	24.538569	0.000000	12.4
858	-0.688666	0.000000	24.538569	0.000000	3.1
859	-0.688666	0.000000	24.538569	0.000000	2.3
860	-0.688666	0.000000	24.538569	0.000000	20.0
861	-0.688666	0.000000	24.538569	0.000000	31.6
862	-0.688666	0.000000	24.538569	0.000000	5.2
863	-0.688666	0.000000	24.538569	0.000000	2.4
864	-0.688666	0.000000	24.538569	0.000000	2.4
865	-0.688666	0.000000	24.538569	0.000000	15.6
866	-0.688666	0.000000	24.538569	0.000000	2.3
867	-0.688666	0.000000	24.538569	0.000000	35.9
868	-0.688666	0.000000	24.538569	0.000000	17.1
869	-0.688666	0.000000	24.538569	0.000000	2.6
870	-0.688666	0.000000	24.538569	0.000000	2.3
871	-0.688666	0.000000	24.538569	0.000000	16.3
872	-0.688666	0.000000	24.538569	0.000000	2.3
873	-0.688666	0.000000	24.538569	0.000000	35.2
874	-0.688666	0.000000	24.538569	0.000000	21.2
875	-0.688666	0.000000	24.538569	0.000000	2.8
876	-0.688666	0.000000	24.538569	0.000000	2.2
877	-0.688666	0.000000	24.538569	0.000000	13.9
878	-0.688666	0.000000	24.538569	0.000000	3.1
879	-0.688666	0.000000	24.538569	0.000000	2.2
880	-0.688666	0.000000	24.538569	0.000000	26.4
881	-0.688666	0.000000	24.538569	0.000000	27.7
882	-0.688666	0.000000	24.538569	0.000000	2.4
883	-0.688666	0.000000	24.538569	0.000000	2.4
884	-0.688666	0.000000	24.538569	0.000000	16.4
885	-0.688666	0.000000	24.538569	0.000000	2.3
886	-0.688666	0.000000	24.538569	0.000000	33.5
887	-0.688666	0.000000	24.538569	0.000000	17.0
888	-0.688666	0.000000	24.538569	0.000000	5.4
889	-0.688666	0.000000	24.538569	0.000000	2.6
890	-0.688666	0.000000	24.538569	0.000000	2.5
891	-0.688666	0.000000	24.538569	0.000000	2.1
892	-0.688666	0.000000	24.538569	0.000000	16.2
893	-0.688666	0.000000	24.538569	0.000000	2.1
894	-0.688666	0.000000	24.538569	0.000000	52.8
895	-0.688666	0.000000	24.538569	0.000000	2.6
896	-0.688666	0.000000	24.538569	0.000000	2.2
897	-0.688666	0.000000	24.538569	0.000000	16.9
898	-0.688666	0.000000	24.538569	0.000000	3.9
899	-0.688666	0.000000	24.538569	0.000000	25.2
900	-0.688666	0.000000	24.538569	0.000000	27.7
901	-0.688666	0.000000	24.538569	0.000000	2.8
902	-0.688666	0.000000	24.538569	0.000000	2.3
903	-0.688666	0.000000	24.538569	0.000000	14.8
904	-0.688666	0.000000	24.538569	0.000000	2.6
905	-0.688666	0.000000	24.538569	0.000000	20.7
906	-0.688666	0.000000	24.538569	0.000000	36.2
907	-0.688666	0.000000	24.538569	0.000000	2.4
908	-0.688666	0.000000	24.538569	0.000000	13.5
909	-0.688666	0.000000	24.538569	0.000000	23.7
910	-0.688666	0.000000	24.538569	0.000000	23.0
911	-0.688666	0.000000	24.538569	0.000000	6.2
912	-0.688666	0.000000	24.538569	0.000000	2.8
913	-0.688666	0.000000	24.538569	0.000000	13.7
914	-0.688666	0.000000	24.538569	0.000000	2.8
915	-0.688666	0.000000	24.538569	0.000000	17.3
916	-0.688666	0.000000	24.538569	0.000000	33.6
917	-0.688666	0.000000	24.538569	0.000000	3.0
918	-0.688666	0.000000	24.538569	0.000000	2.6
919	-0.688666	0.000000	24.538569	0.000000	2.3
920	-0.688666	0.000000	24.538569	0.000000	15.2
921	-0.688666	0.000000	24.538569	0.000000	2.6
922	-0.688666	0.000000	24.538569	0.000000	11.6
923	-0.688666	0.000000	24.538569	0.000000	43.1
924	-0.688666	0.000000	24.538569	0.000000	2.8
925	-0.688666	0.000000	24.538569	0.000000	13.7
926	-0.688666	0.000000	24.538569	0.000000	2.3
927	-0.688666	0.000000	24.538569	0.000000	44.0
928	-0.688666	0.000000	24.538569	0.000000	9.5
929	-0.688666	0.000000	24.538569	0.000000	2.5
930	-0.688666	0.000000	24.538569	0.000000	2.2
931	-0.688666	0.000000	24.538569	0.000000	16.8
932	-0.688666	0.000000	24.538569	0.000000	2.4
933	-0.688666	0.000000	24.538569	0.000000	22.3
934	-0.688666	0.000000	24.538569	0.000000	27.2
935	-0.688666	0.000000	24.538569	0.000000	2.5
936	-0.688666	0.000000	24.538569	0.000000	2.3
937	-0.688666	0.000000	24.538569	0.000000	2.3
938	-0.688666	0.000000	24.538569	0.000000	14.0
939	-0.688666	0.000000	24.538569	0.000000	2.8
940	-0.688666	0.000000	24.538569	0.000000	2.5
941	-0.688666	0.000000	24.538569	0.000000	49.3
942	-0.688666	0.000000	24.538569	0.000000	3.6
943	-0.688666	0.000000	24.538569	0.000000	2.7
944	-0.688666	0.000000	24.538569	0.000000	2.4
945	-0.688666	0.000000	24.538569	0.000000	16.3
946	-0.688666	0.000000	24.538569	0.000000	2.3
947	-0.688666	0.000000	24.538569	0.000000	21.2
948	-0.688666	0.000000	24.538569	0.000000	29.5
949	-0.688666	0.000000	24.538569	0.000000	2.6
950	-0.688666	0.000000	24.538569	0.000000	2.2
951	-0.688666	0.000000	24.538569	0.000000	17.4
952	-0.688666	0.000000	24.538569	0.000000	23.4
953	-0.688666	0.000000	24.538569	0.000000	25.0
954	-0.688666	0.000000	24.538569	0.000000	7.0
955	-0.688666	0.000000	24.538569	0.000000	15.3
956	-0.688666	0.000000	24.538569	0.000000	2.2
957	-0.688666	0.000000	24.538569	0.000000	12.8
958	-0.688666	0.000000	24.538569	0.000000	35.3
959	-0.688666	0.000000	24.538569	0.000000	8.3
960	-0.688666	0.000000	24.538569	0.000000	2.3
961	-0.688666	0.000000	24.538569	0.000000	14.5
962	-0.688666	0.000000	24.538569	0.000000	2.4
963	-0.688666	0.000000	24.538569	0.000000	2.3
964	-0.688666	0.000000	24.538569	0.000000	51.0
965	-0.688666	0.000000	24.538569	0.000000	3.7
966	-0.688666	0.000000	24.538569	0.000000	2.5
967	-0.688666	0.000000	24.538569	0.000000	2.2
968	-0.688666	0.000000	24.538569	0.000000	16.8
969	-0.688666	0.000000	24.538569	0.000000	22.0
970	-0.688666	0.000000	24.538569	0.000000	31.8
971	-0.688666	0.000000	24.538569	0.000000	2.5
972	-0.688666	0.000000	24.538569	0.000000	2.2
973	-0.688666	0.000000	24.538569	0.000000	13.6
974	-0.688666	0.000000	24.538569	0.000000	2.4
975	-0.688666	0.000000	24.538569	0.000000	25.4
976	-0.688666	0.000000	24.538569	0.000000	27.9
977	-0.688666	0.000000	24.538569	0.000000	2.6
978	-0.688666	0.000000	24.538569	0.000000	2.3
979	-0.688666	0.000000	24.538569	0.000000	14.8
980	-0.688666	0.000000	24.538569	0.000000	2.6
981	-0.688666	0.000000	24.538569	0.000000	2.3
982	-0.688666	0.000000	24.538569	0.000000	48.9
983	-0.688666	0.000000	24.538569	0.000000	2.6
984	-0.688666	0.000000	24.538569	0.000000	2.2
985	-0.688666	0.000000	24.538569	0.000000	13.9
986	-0.688666	0.000000	24.538569	0.000000	37.8
987	-0.688666	0.000000	24.538569	0.000000	13.3
988	-0.688666	0.000000	24.538569	0.000000	2.4
989	-0.688666	0.000000	24.538569	0.000000	17.6
990	-0.688666	0.000000	24.538569	0.000000	12.5
991	-0.688666	0.000000	24.538569	0.000000	34.1
992	-0.688666	0.000000	24.538569	0.000000	7.7
993	-0.688666	0.000000	24.538569	0.000000	2.9
994	-0.688666	0.000000	24.538569	0.000000	14.2
995	-0.688666	0.000000	24.538569	0.000000	4.5
996	-0.688666	0.000000	24.538569	0.000000	21.5
997	-0.688666	0.000000	24.538569	0.000000	32.8
998	-0.688666	0.000000	24.538569	0.000000	2.6
999	-0.688666	0.000000	24.538569	0.000000	2.3
