1:ItNr	2:Metric	3a:Time	3b:StepSize	4:||Gradient||	Time[ms]
0	-0.477761	0.000000	31.660370	0.012797	17.4
1	-0.482902	0.000000	31.660370	0.012566	6.5
2	-0.487777	0.000000	31.660370	0.011794	4.8
3	-0.491944	0.000000	31.660370	0.010546	5.8
4	-0.495333	0.000000	31.660370	0.009843	5.3
5	-0.498348	0.000000	31.660370	0.009803	4.3
6	-0.501809	0.000000	31.660370	0.011244	4.7
7	-0.506105	0.000000	31.660370	0.013281	5.7
8	-0.512358	0.000000	31.660370	0.016293	4.7
9	-0.521574	0.000000	31.660370	0.019422	7.0
10	-0.534738	0.000000	31.660370	0.023468	3.9
11	-0.553778	0.000000	31.660370	0.027287	5.3
12	-0.571041	0.000000	31.660370	0.025729	4.3
13	-0.584515	0.000000	31.660370	0.021909	4.7
14	-0.594679	0.000000	31.660370	0.019510	4.9
15	-0.602617	0.000000	31.660370	0.017614	5.1
16	-0.609316	0.000000	31.660370	0.016272	5.5
17	-0.617586	0.000000	31.660370	0.015773	5.9
18	-0.625473	0.000000	31.660370	0.015784	4.8
19	-0.632942	0.000000	31.660370	0.013966	6.0
20	-0.639037	0.000000	31.660370	0.013368	3.8
21	-0.643842	0.000000	31.660370	0.010480	4.8
22	-0.647230	0.000000	31.660370	0.009871	4.5
23	-0.650337	0.000000	31.660370	0.009477	3.9
24	-0.653056	0.000000	31.660370	0.009233	4.3
25	-0.655726	0.000000	31.660370	0.008549	4.9
26	-0.657984	0.000000	31.660370	0.008345	3.9
27	-0.660125	0.000000	31.660370	0.007831	4.7
28	-0.662037	0.000000	31.660370	0.007598	4.4
29	-0.663786	0.000000	31.660370	0.007051	4.5
30	-0.665326	0.000000	31.660370	0.006733	5.0
31	-0.666727	0.000000	31.660370	0.006421	4.4
32	-0.668006	0.000000	31.660370	0.006169	4.0
33	-0.669191	0.000000	31.660370	0.005979	6.8
34	-0.670308	0.000000	31.660370	0.005829	3.7
35	-0.671371	0.000000	31.660370	0.005684	4.4
36	-0.672380	0.000000	31.660370	0.005532	5.0
37	-0.673336	0.000000	31.660370	0.005379	4.9
38	-0.674240	0.000000	31.660370	0.005243	4.6
39	-0.675100	0.000000	31.660370	0.005118	5.2
40	-0.675918	0.000000	31.660370	0.004970	4.9
41	-0.676686	0.000000	31.660370	0.004798	3.9
42	-0.677401	0.000000	31.660370	0.004611	3.9
43	-0.678060	0.000000	31.660370	0.004405	3.7
44	-0.678658	0.000000	31.660370	0.004170	3.9
45	-0.679192	0.000000	31.660370	0.003907	6.6
46	-0.679654	0.000000	31.660370	0.003580	4.3
47	-0.680044	0.000000	31.660370	0.003310	5.6
48	-0.680377	0.000000	31.660370	0.003053	4.5
49	-0.680661	0.000000	31.660370	0.002821	4.9
50	-0.680914	0.000000	31.660370	0.002824	3.5
51	-0.681190	0.000000	31.660370	0.003481	3.6
52	-0.681555	0.000000	31.660370	0.003134	4.4
53	-0.681850	0.000000	31.660370	0.002827	5.4
54	-0.682081	0.000000	31.660370	0.002258	8.1
55	-0.682271	0.000000	31.660370	0.002792	4.5
56	-0.683113	0.000000	31.660370	0.002499	2.1
57	-0.683300	0.000000	31.660370	0.002237	2.3
58	-0.683449	0.000000	31.660370	0.001961	2.0
59	-0.683564	0.000000	31.660370	0.001761	1.9
60	-0.684268	0.000000	31.660370	0.001620	2.1
61	-0.684346	0.000000	31.660370	0.001447	2.8
62	-0.684409	0.000000	31.660370	0.001320	2.1
63	-0.684462	0.000000	31.660370	0.001209	2.7
64	-0.684506	0.000000	31.660370	0.001112	2.7
65	-0.684544	0.000000	31.660370	0.001028	1.6
66	-0.684576	0.000000	31.660370	0.000958	2.1
67	-0.685215	0.000000	31.660370	0.000793	2.3
68	-0.685234	0.000000	31.660370	0.000747	1.4
69	-0.685864	0.000000	31.660370	0.000728	103.3
70	-0.685879	0.000000	31.660370	0.000680	2.8
71	-0.685891	0.000000	31.660370	0.000688	3.3
72	-0.685903	0.000000	31.660370	0.000639	2.8
73	-0.685915	0.000000	31.660370	0.000652	2.0
74	-0.685924	0.000000	31.660370	0.000605	2.6
75	-0.685935	0.000000	31.660370	0.000575	2.0
76	-0.685943	0.000000	31.660370	0.000621	2.5
77	-0.685952	0.000000	31.660370	0.000552	2.2
78	-0.685961	0.000000	31.660370	0.000590	2.3
79	-0.685967	0.000000	31.660370	0.000973	2.7
80	-0.686609	0.000000	31.660370	0.000877	2.5
81	-0.686632	0.000000	31.660370	0.000795	2.4
82	-0.686650	0.000000	31.660370	0.000644	2.4
83	-0.687281	0.000000	31.660370	0.000804	2.5
84	-0.687300	0.000000	31.660370	0.000745	11.9
85	-0.687317	0.000000	31.660370	0.000689	6.9
86	-0.687332	0.000000	31.660370	0.000645	5.0
87	-0.687345	0.000000	31.660370	0.000608	5.4
88	-0.687356	0.000000	31.660370	0.000576	7.5
89	-0.687366	0.000000	31.660370	0.000548	6.4
90	-0.687990	0.000000	31.660370	0.000524	4.7
91	-0.687999	0.000000	31.660370	0.000541	7.4
92	-0.688008	0.000000	31.660370	0.000551	3.1
93	-0.688018	0.000000	31.660370	0.000626	3.5
94	-0.688031	0.000000	31.660370	0.000599	4.9
95	-0.688042	0.000000	31.660370	0.000576	6.9
96	-0.688667	0.000000	31.660370	0.000556	6.8
97	-0.688677	0.000000	31.660370	0.000537	9.6
98	-0.688686	0.000000	31.660370	0.000524	25.6
99	-0.688695	0.000000	31.660370	0.000504	9.4
100	-0.688702	0.000000	31.660370	0.000488	10.5
101	-0.688710	0.000000	31.660370	0.000473	1.8
102	-0.688717	0.000000	31.660370	0.000459	2.3
103	-0.689339	0.000000	31.660370	0.000446	4.8
104	-0.689346	0.000000	31.660370	0.000432	5.2
105	-0.689352	0.000000	31.660370	0.000419	15.7
106	-0.689357	0.000000	31.660370	0.000406	4.4
107	-0.689979	0.000000	31.660370	0.000370	5.5
108	-0.689983	0.000000	31.660370	0.000337	6.2
109	-0.689986	0.000000	31.660370	0.000326	9.7
110	-0.689990	0.000000	31.660370	0.000326	6.6
111	-0.689993	0.000000	31.660370	0.000309	6.8
112	-0.689996	0.000000	31.660370	0.000304	6.5
113	-0.689999	0.000000	31.660370	0.000295	57.8
114	-0.690001	0.000000	31.660370	0.000286	2.0
115	-0.690004	0.000000	31.660370	0.000278	1.8
116	-0.690624	0.000000	31.660370	0.000269	1.7
117	-0.690626	0.000000	31.660370	0.000261	4.0
118	-0.690628	0.000000	31.660370	0.000254	4.0
119	-0.690630	0.000000	31.660370	0.000246	5.2
120	-0.690632	0.000000	31.660370	0.000239	12.7
121	-0.690634	0.000000	31.660370	0.000235	8.8
122	-0.690635	0.000000	31.660370	0.000231	7.1
123	-0.690637	0.000000	31.660370	0.000223	9.5
124	-0.690639	0.000000	31.660370	0.000217	5.9
125	-0.690640	0.000000	31.660370	0.000210	6.8
126	-0.691259	0.000000	31.660370	0.000204	4.5
127	-0.691260	0.000000	31.660370	0.000183	4.6
128	-0.691261	0.000000	31.660370	0.000178	3.6
129	-0.691262	0.000000	31.660370	0.000172	3.8
130	-0.691263	0.000000	31.660370	0.000167	3.7
131	-0.691264	0.000000	31.660370	0.000162	3.2
132	-0.691265	0.000000	31.660370	0.000157	5.2
133	-0.691265	0.000000	31.660370	0.000132	7.3
134	-0.691266	0.000000	31.660370	0.000121	3.9
135	-0.691266	0.000000	31.660370	0.000112	4.2
136	-0.691267	0.000000	31.660370	0.000105	25.1
137	-0.691267	0.000000	31.660370	0.000099	7.3
138	-0.691267	0.000000	31.660370	0.000094	8.4
139	-0.691268	0.000000	31.660370	0.000090	5.8
140	-0.691268	0.000000	31.660370	0.000086	8.4
141	-0.691268	0.000000	31.660370	0.000083	4.4
142	-0.691268	0.000000	31.660370	0.000080	4.4
143	-0.691269	0.000000	31.660370	0.000077	4.7
144	-0.691269	0.000000	31.660370	0.000075	19.5
145	-0.691269	0.000000	31.660370	0.000072	5.9
146	-0.691269	0.000000	31.660370	0.000070	5.5
147	-0.691269	0.000000	31.660370	0.000068	1.8
148	-0.691269	0.000000	31.660370	0.000059	1.6
149	-0.691270	0.000000	31.660370	0.000058	1.5
150	-0.691270	0.000000	31.660370	0.000056	2.2
151	-0.691270	0.000000	31.660370	0.000054	4.9
152	-0.691270	0.000000	31.660370	0.000053	7.4
153	-0.691270	0.000000	31.660370	0.000284	8.1
154	-0.691272	0.000000	31.660370	0.000325	4.5
155	-0.691276	0.000000	31.660370	0.000308	8.6
156	-0.691279	0.000000	31.660370	0.000272	4.7
157	-0.691281	0.000000	31.660370	0.000255	4.4
158	-0.691283	0.000000	31.660370	0.000241	7.1
159	-0.691285	0.000000	31.660370	0.000229	8.3
160	-0.691286	0.000000	31.660370	0.000220	6.1
161	-0.691906	0.000000	31.660370	0.000209	10.3
162	-0.691907	0.000000	31.660370	0.000201	8.6
163	-0.691909	0.000000	31.660370	0.000277	7.3
164	-0.691911	0.000000	31.660370	0.000164	6.2
165	-0.691911	0.000000	31.660370	0.000150	5.0
166	-0.691912	0.000000	31.660370	0.000138	5.8
167	-0.691913	0.000000	31.660370	0.000128	4.6
168	-0.691913	0.000000	31.660370	0.000120	6.2
169	-0.691914	0.000000	31.660370	0.000113	5.0
170	-0.691914	0.000000	31.660370	0.000107	2.8
171	-0.691914	0.000000	31.660370	0.000102	1.1
172	-0.691915	0.000000	31.660370	0.000097	1.5
173	-0.691915	0.000000	31.660370	0.000093	1.4
174	-0.691915	0.000000	31.660370	0.000089	4.0
175	-0.691915	0.000000	31.660370	0.000085	4.8
176	-0.691916	0.000000	31.660370	0.000082	4.0
177	-0.691916	0.000000	31.660370	0.000079	2.9
178	-0.691916	0.000000	31.660370	0.000076	3.7
179	-0.691916	0.000000	31.660370	0.000074	4.2
180	-0.691916	0.000000	31.660370	0.000071	7.0
181	-0.691916	0.000000	31.660370	0.000285	6.8
182	-0.691916	1.000000	30.221262	0.000310	5.9
183	-0.691916	2.000000	28.907294	0.000281	5.0
184	-0.692535	3.000000	27.702823	0.000078	4.6
185	-0.692535	4.000000	26.594710	0.000073	4.0
186	-0.692535	3.990000	26.605353	0.000069	4.7
187	-0.692536	3.980000	26.616003	0.000066	4.9
188	-0.692536	3.970000	26.626662	0.000063	3.7
189	-0.692536	3.960000	26.637330	0.000265	4.0
190	-0.692535	4.960000	25.611239	0.000077	7.8
191	-0.692536	5.960000	24.661267	0.000072	4.0
192	-0.692536	5.950000	24.670418	0.000068	4.3
193	-0.692536	5.940000	24.679575	0.000065	1.8
194	-0.692536	5.930000	24.688740	0.000062	1.0
195	-0.692536	5.920000	24.697911	0.000795	1.1
196	-0.692551	5.910000	24.707089	0.000749	5.4
197	-0.692562	5.900000	24.716274	0.000625	7.1
198	-0.692571	5.890000	24.725465	0.000530	4.3
199	-0.692578	5.880000	24.734664	0.000569	4.0
200	-0.692586	5.870000	24.743869	0.000494	4.1
201	-0.692591	5.860000	24.753081	0.000505	3.7
202	-0.692596	5.850000	24.762300	0.000409	3.7
203	-0.692600	5.840000	24.771526	0.000374	4.7
204	-0.692603	5.830000	24.780759	0.000344	4.8
205	-0.692606	5.820000	24.789998	0.000394	5.1
206	-0.692608	5.810000	24.799245	0.000303	4.2
207	-0.692610	5.800000	24.808498	0.000283	8.4
208	-0.692612	5.790000	24.817759	0.000264	5.8
209	-0.692613	5.780000	24.827026	0.000346	5.3
210	-0.692614	5.770000	24.836300	0.000244	3.7
211	-0.692616	5.760000	24.845581	0.000229	4.3
212	-0.692617	5.750000	24.854870	0.000216	3.6
213	-0.692618	5.740000	24.864165	0.000205	5.2
214	-0.692619	5.730000	24.873467	0.000324	4.0
215	-0.692620	5.720000	24.882775	0.000196	3.8
216	-0.692621	5.710000	24.892091	0.000186	4.8
217	-0.692622	5.700000	24.901414	0.000176	4.4
218	-0.692622	5.690000	24.910744	0.000168	4.2
219	-0.692623	5.680000	24.920081	0.000160	5.4
220	-0.692624	5.670000	24.929425	0.000154	4.9
221	-0.692624	5.660000	24.938776	0.000318	5.4
222	-0.692625	5.650000	24.948134	0.000153	4.1
223	-0.692625	5.640000	24.957498	0.000145	4.6
224	-0.692626	5.630000	24.966870	0.000139	3.9
225	-0.692626	5.620000	24.976249	0.000133	4.9
226	-0.692627	5.610000	24.985635	0.000128	4.1
227	-0.692627	5.600000	24.995029	0.000113	4.3
228	-0.692627	5.590000	25.004429	0.000110	3.9
229	-0.692628	5.580000	25.013836	0.000106	4.0
230	-0.692628	5.570000	25.023250	0.000103	4.1
231	-0.692628	5.560000	25.032672	0.000100	5.1
232	-0.692628	5.550000	25.042100	0.000108	5.8
233	-0.692629	5.540000	25.051536	0.000105	3.9
234	-0.693248	5.530000	25.060979	0.000100	4.4
235	-0.693248	5.520000	25.070428	0.000098	4.7
236	-0.693249	5.510000	25.079885	0.000095	3.8
237	-0.693249	5.500000	25.089349	0.000209	3.7
238	-0.693870	5.490000	25.098821	0.000198	6.5
239	-0.693870	5.480000	25.108299	0.000288	4.3
240	-0.693871	5.470000	25.117785	0.000186	3.8
241	-0.693872	5.460000	25.127277	0.000179	4.9
242	-0.693872	5.450000	25.136777	0.000173	3.5
243	-0.693873	5.440000	25.146284	0.000283	3.7
244	-0.693873	5.430000	25.155799	0.000174	4.3
245	-0.693874	5.420000	25.165320	0.000168	3.1
246	-0.693875	5.410000	25.174849	0.000162	4.5
247	-0.693875	5.400000	25.184385	0.000278	1.4
248	-0.693875	5.390000	25.193928	0.000164	2.1
249	-0.693876	6.390000	24.274106	0.000158	1.4
250	-0.693877	6.380000	24.282972	0.000152	2.0
251	-0.693877	6.370000	24.291844	0.000273	4.0
252	-0.693877	6.360000	24.300722	0.000155	4.5
253	-0.693878	7.360000	23.443856	0.000149	4.6
254	-0.693878	7.350000	23.452126	0.000144	4.2
255	-0.693878	7.340000	23.460401	0.000269	3.6
256	-0.693879	8.340000	22.660796	0.000148	3.6
257	-0.693879	9.340000	21.913901	0.000142	3.8
258	-0.693880	9.330000	21.921126	0.000138	3.4
259	-0.693880	9.320000	21.928356	0.000323	4.1
260	-0.693880	10.320000	21.228217	0.000139	3.1
261	-0.693880	11.320000	20.571403	0.000135	3.1
262	-0.693881	11.310000	20.577770	0.000132	7.1
263	-0.693881	11.300000	20.584141	0.000267	3.8
264	-0.693881	12.300000	19.965999	0.000135	3.9
265	-0.693881	13.300000	19.383900	0.000253	3.4
266	-0.693881	13.290000	19.389553	0.000129	3.2
267	-0.693882	13.280000	19.395209	0.000270	3.1
268	-0.693882	14.280000	18.845458	0.000131	3.9
269	-0.693882	15.280000	18.326013	0.000127	6.4
270	-0.693882	15.270000	18.331066	0.000239	3.4
271	-0.693882	15.260000	18.336121	0.000125	3.2
272	-0.693882	15.250000	18.341180	0.000272	3.3
273	-0.693882	16.250000	17.848799	0.000126	3.6
274	-0.693883	17.250000	17.382164	0.000122	3.9
275	-0.693883	17.240000	17.386709	0.000231	3.4
276	-0.693883	17.230000	17.391257	0.000272	3.3
277	-0.693883	18.230000	16.947942	0.000125	3.7
278	-0.693883	19.230000	16.526666	0.000121	3.5
279	-0.693883	19.220000	16.530775	0.000225	3.5
280	-0.693883	19.210000	16.534886	0.000122	3.3
281	-0.693883	20.210000	16.133651	0.000272	3.7
282	-0.693884	21.210000	15.751428	0.000221	3.6
283	-0.693884	22.210000	15.386896	0.000124	3.2
284	-0.693884	23.210000	15.038855	0.000120	4.1
285	-0.693884	23.200000	15.042257	0.000269	3.5
286	-0.693884	24.200000	14.709464	0.000219	3.2
287	-0.693884	25.200000	14.391077	0.000122	3.5
288	-0.693884	26.200000	14.086181	0.000119	3.3
289	-0.693884	26.190000	14.089166	0.000116	3.3
290	-0.693884	26.180000	14.092153	0.000290	3.2
291	-0.693884	27.180000	13.799663	0.000122	3.8
292	-0.693884	28.180000	13.519068	0.000118	3.4
293	-0.693884	28.170000	13.521817	0.000205	3.0
294	-0.693885	29.170000	13.252297	0.000120	3.0
295	-0.693885	30.170000	12.993312	0.000273	3.2
296	-0.693885	31.170000	12.744255	0.000205	3.3
297	-0.693885	32.170000	12.504566	0.000121	3.5
298	-0.693885	33.170000	12.273726	0.000118	3.3
299	-0.693885	33.160000	12.275993	0.000195	3.3
300	-0.693885	34.160000	12.053440	0.000278	3.3
301	-0.693885	35.160000	11.838813	0.000119	3.5
302	-0.693885	36.160000	11.631696	0.000196	3.3
303	-0.693885	37.160000	11.431702	0.000121	3.3
304	-0.693885	38.160000	11.238468	0.000273	3.0
305	-0.693885	39.160000	11.051658	0.000198	3.0
306	-0.693885	40.160000	10.870957	0.000121	3.4
307	-0.693885	41.160000	10.696071	0.000118	3.4
308	-0.693885	41.150000	10.697792	0.000190	3.6
309	-0.693885	42.150000	10.528389	0.000276	4.0
310	-0.693885	43.150000	10.364267	0.000190	3.3
311	-0.693885	44.150000	10.205184	0.000123	3.4
312	-0.693885	45.150000	10.050911	0.000120	3.1
313	-0.693886	45.140000	10.052431	0.000184	3.2
314	-0.693885	46.140000	9.902707	0.000279	3.1
315	-0.693885	47.140000	9.757378	0.000121	3.7
316	-0.693885	48.140000	9.616253	0.000186	3.7
317	-0.693886	49.140000	9.479153	0.000122	3.2
318	-0.693886	50.140000	9.345906	0.000119	3.4
319	-0.693886	50.130000	9.347220	0.000277	4.1
320	-0.693886	51.130000	9.217631	0.000122	4.0
321	-0.693886	52.130000	9.091587	0.000182	3.5
322	-0.693886	53.130000	8.968943	0.000123	3.3
323	-0.693886	54.130000	8.849564	0.000275	3.2
324	-0.693886	55.130000	8.733321	0.000185	4.1
325	-0.693886	56.130000	8.620093	0.000123	3.6
326	-0.693886	57.130000	8.509763	0.000178	3.2
327	-0.693886	58.130000	8.402221	0.000124	3.4
328	-0.693886	59.130000	8.297364	0.000276	2.9
329	-0.693886	60.130000	8.195091	0.000181	2.7
330	-0.693886	61.130000	8.095309	0.000123	2.0
331	-0.693886	62.130000	7.997928	0.000121	2.6
332	-0.693886	62.120000	7.998890	0.000177	4.0
333	-0.693886	63.120000	7.903801	0.000278	4.0
334	-0.693886	64.120000	7.810946	0.000178	3.9
335	-0.693886	65.120000	7.720248	0.000124	4.0
336	-0.693886	66.120000	7.631632	0.000121	3.7
337	-0.693886	66.110000	7.632508	0.000175	3.8
338	-0.693886	67.110000	7.545883	0.000278	3.9
339	-0.693886	68.110000	7.461203	0.000176	5.1
340	-0.693886	69.110000	7.378402	0.000124	4.0
341	-0.693886	70.110000	7.297418	0.000170	4.1
342	-0.693886	71.110000	7.218193	0.000125	3.7
343	-0.693886	72.110000	7.140670	0.000279	3.8
344	-0.693886	72.100000	7.141437	0.000174	4.2
345	-0.693886	73.100000	7.065545	0.000125	3.1
346	-0.693886	74.100000	6.991249	0.000169	3.8
347	-0.693886	75.100000	6.918499	0.000280	9.2
348	-0.693886	76.100000	6.847248	0.000170	1.9
349	-0.693886	77.100000	6.777449	0.000127	1.7
350	-0.693886	78.100000	6.709059	0.000124	1.8
351	-0.693886	78.090000	6.709736	0.000169	1.6
352	-0.693886	79.090000	6.642699	0.000280	2.4
353	-0.693886	80.090000	6.576988	0.000170	4.0
354	-0.693886	81.090000	6.512565	0.000127	6.8
355	-0.693886	82.090000	6.449391	0.000124	5.8
356	-0.693886	82.080000	6.450017	0.000168	5.2
357	-0.693886	83.080000	6.388045	0.000280	5.1
358	-0.693886	84.080000	6.327253	0.000169	5.9
359	-0.693886	85.080000	6.267607	0.000126	5.9
360	-0.693886	86.080000	6.209075	0.000165	6.7
361	-0.693886	87.080000	6.151626	0.000127	5.2
362	-0.693886	88.080000	6.095231	0.000279	5.8
363	-0.693886	88.070000	6.095789	0.000169	6.1
364	-0.693886	89.070000	6.040408	0.000126	2.1
365	-0.693886	90.070000	5.986025	0.000165	1.9
366	-0.693886	91.070000	5.932611	0.000127	4.0
367	-0.693886	92.070000	5.880143	0.000267	2.1
368	-0.693886	93.070000	5.828594	0.000128	1.8
369	-0.693886	94.070000	5.777942	0.000163	2.2
370	-0.693886	95.070000	5.728162	0.000128	2.3
371	-0.693887	96.070000	5.679233	0.000126	1.2
372	-0.693886	96.060000	5.679718	0.000267	1.2
373	-0.693886	97.060000	5.631609	0.000127	2.4
374	-0.693886	98.060000	5.584308	0.000163	1.3
375	-0.693887	99.060000	5.537796	0.000128	1.1
376	-0.693887	100.060000	5.492052	0.000160	1.1
377	-0.693886	101.060000	5.447057	0.000283	1.6
378	-0.693887	102.060000	5.402793	0.000162	2.3
379	-0.693887	103.060000	5.359244	0.000129	1.6
380	-0.693887	104.060000	5.316390	0.000127	1.3
381	-0.693887	104.050000	5.316815	0.000161	1.1
382	-0.693887	105.050000	5.274635	0.000282	1.5
383	-0.693887	106.050000	5.233119	0.000162	4.3
384	-0.693887	107.050000	5.192251	0.000128	5.2
385	-0.693887	108.050000	5.152017	0.000159	5.8
386	-0.693887	109.050000	5.112401	0.000129	4.6
387	-0.693887	110.050000	5.073390	0.000265	5.2
388	-0.693887	111.050000	5.034970	0.000129	4.2
389	-0.693887	112.050000	4.997127	0.000158	4.1
390	-0.693887	113.050000	4.959849	0.000130	4.6
391	-0.693887	114.050000	4.923123	0.000128	2.9
392	-0.693887	114.040000	4.923488	0.000265	1.9
393	-0.693887	115.040000	4.887296	0.000157	1.4
394	-0.693887	115.030000	4.887655	0.000131	1.6
395	-0.693887	116.030000	4.851987	0.000129	4.9
396	-0.693887	116.020000	4.852341	0.000157	5.4
397	-0.693887	117.020000	4.817184	0.000283	5.9
398	-0.693887	118.020000	4.782533	0.000158	4.3
399	-0.693887	119.020000	4.748377	0.000130	5.2
400	-0.693887	120.020000	4.714705	0.000156	4.0
401	-0.693887	121.020000	4.681508	0.000283	4.2
402	-0.693887	122.020000	4.648775	0.000157	3.4
403	-0.693887	123.020000	4.616496	0.000131	4.5
404	-0.694507	124.020000	4.584663	0.000151	3.7
405	-0.694507	125.020000	4.553265	0.000132	3.3
406	-0.694507	126.020000	4.522295	0.000149	5.8
407	-0.694507	127.020000	4.491743	0.000290	3.9
408	-0.694507	128.020000	4.461601	0.000151	8.2
409	-0.694507	129.020000	4.431861	0.000133	4.6
410	-0.694507	130.020000	4.402515	0.000149	1.1
411	-0.694507	131.020000	4.373555	0.000133	1.1
412	-0.694507	132.020000	4.344973	0.000288	1.4
413	-0.694507	132.010000	4.345257	0.000153	4.2
414	-0.694507	133.010000	4.317043	0.000131	5.7
415	-0.694507	134.010000	4.289193	0.000151	5.0
416	-0.694507	135.010000	4.261700	0.000131	5.0
417	-0.694507	136.010000	4.234557	0.000265	4.4
418	-0.694507	137.010000	4.207757	0.000132	5.7
419	-0.694507	138.010000	4.181295	0.000151	5.4
420	-0.694507	139.010000	4.155164	0.000132	4.9
421	-0.694507	140.010000	4.129357	0.000149	5.4
422	-0.694507	141.010000	4.103869	0.000289	5.6
423	-0.694507	142.010000	4.078693	0.000151	5.4
424	-0.694507	143.010000	4.053825	0.000132	4.5
425	-0.694507	144.010000	4.029257	0.000149	4.8
426	-0.694507	145.010000	4.004986	0.000133	6.9
427	-0.694507	146.010000	3.981006	0.000147	5.3
428	-0.694507	147.010000	3.957311	0.000290	6.6
429	-0.694507	148.010000	3.933896	0.000149	6.4
430	-0.694507	149.010000	3.910757	0.000133	2.3
431	-0.694507	150.010000	3.887888	0.000147	6.2
432	-0.694507	151.010000	3.865286	0.000133	1.3
433	-0.694507	152.010000	3.842944	0.000264	1.2
434	-0.694507	153.010000	3.820859	0.000133	3.9
435	-0.694507	154.010000	3.799027	0.000148	5.3
436	-0.694507	155.010000	3.777443	0.000134	3.4
437	-0.694507	156.010000	3.756103	0.000146	3.8
438	-0.694507	157.010000	3.735002	0.000290	3.6
439	-0.694507	158.010000	3.714138	0.000148	4.0
440	-0.694507	159.010000	3.693505	0.000134	4.9
441	-0.694507	160.010000	3.673100	0.000146	1.1
442	-0.694507	161.010000	3.652919	0.000134	1.3
443	-0.694507	162.010000	3.632959	0.000145	1.1
444	-0.694507	163.010000	3.613215	0.000290	2.2
445	-0.694507	164.010000	3.593686	0.000147	3.4
446	-0.694507	165.010000	3.574366	0.000134	4.5
447	-0.694507	166.010000	3.555252	0.000145	6.3
448	-0.694507	167.010000	3.536343	0.000135	4.1
449	-0.694507	168.010000	3.517633	0.000263	1.8
450	-0.694507	169.010000	3.499120	0.000135	2.2
451	-0.694507	170.010000	3.480801	0.000146	1.5
452	-0.694507	171.010000	3.462673	0.000135	1.4
453	-0.694507	172.010000	3.444732	0.000144	4.1
454	-0.694507	173.010000	3.426977	0.000290	4.8
455	-0.694507	174.010000	3.409403	0.000146	4.2
456	-0.694507	175.010000	3.392009	0.000135	3.5
457	-0.694507	176.010000	3.374792	0.000145	4.4
458	-0.694507	177.010000	3.357748	0.000135	4.3
459	-0.694507	178.010000	3.340876	0.000262	5.0
460	-0.694507	179.010000	3.324173	0.000135	3.8
461	-0.694507	180.010000	3.307635	0.000145	4.1
462	-0.694507	181.010000	3.291262	0.000135	4.4
463	-0.694507	182.010000	3.275049	0.000144	3.0
464	-0.694507	183.010000	3.258996	0.000290	3.9
465	-0.694507	184.010000	3.243099	0.000145	3.8
466	-0.694507	185.010000	3.227357	0.000135	4.4
467	-0.694507	186.010000	3.211766	0.000144	4.0
468	-0.694507	187.010000	3.196326	0.000135	3.1
469	-0.694507	188.010000	3.181033	0.000143	3.6
470	-0.694507	189.010000	3.165886	0.000291	4.0
471	-0.694507	190.010000	3.150883	0.000145	5.9
472	-0.694507	191.010000	3.136021	0.000135	5.7
473	-0.694507	192.010000	3.121298	0.000143	4.8
474	-0.694507	193.010000	3.106714	0.000136	4.3
475	-0.694507	194.010000	3.092264	0.000262	4.6
476	-0.694507	195.010000	3.077949	0.000142	4.5
477	-0.694507	196.010000	3.063766	0.000137	5.4
478	-0.694507	197.010000	3.049712	0.000141	4.2
479	-0.694507	198.010000	3.035787	0.000137	3.8
480	-0.694507	199.010000	3.021989	0.000290	3.9
481	-0.694507	199.000000	3.022126	0.000144	3.6
482	-0.694507	200.000000	3.008451	0.000142	4.3
483	-0.694507	199.990000	3.008588	0.000137	3.5
484	-0.694507	200.990000	2.995035	0.000141	3.1
485	-0.694507	201.990000	2.981603	0.000291	3.5
486	-0.694507	202.990000	2.968292	0.000142	3.6
487	-0.694507	203.990000	2.955099	0.000137	4.0
488	-0.694507	204.990000	2.942023	0.000141	3.9
489	-0.694507	205.990000	2.929062	0.000137	3.5
490	-0.694507	206.990000	2.916215	0.000261	3.9
491	-0.694507	207.990000	2.903479	0.000137	3.7
492	-0.694507	208.990000	2.890855	0.000142	3.6
493	-0.694507	209.990000	2.878340	0.000137	4.8
494	-0.694507	210.990000	2.865933	0.000141	4.1
495	-0.694507	211.990000	2.853632	0.000291	3.4
496	-0.694507	212.990000	2.841437	0.000142	5.5
497	-0.694507	213.990000	2.829345	0.000137	7.1
498	-0.694507	214.990000	2.817356	0.000141	1.8
499	-0.694507	215.990000	2.805468	0.000137	1.8
500	-0.694507	216.990000	2.793679	0.000140	1.8
501	-0.694507	217.990000	2.781990	0.000291	2.7
502	-0.694507	218.990000	2.770398	0.000142	3.2
503	-0.694507	219.990000	2.758902	0.000137	5.3
504	-0.694507	220.990000	2.747501	0.000141	4.6
505	-0.694507	221.990000	2.736194	0.000137	6.0
506	-0.694507	222.990000	2.724980	0.000261	4.4
507	-0.694507	223.990000	2.713857	0.000140	5.0
508	-0.694507	224.990000	2.702824	0.000138	4.6
509	-0.694507	225.990000	2.691881	0.000139	4.1
510	-0.694507	226.990000	2.681026	0.000138	3.5
511	-0.694507	227.990000	2.670259	0.000260	4.6
512	-0.694507	228.990000	2.659577	0.000138	4.8
513	-0.694507	229.990000	2.648981	0.000140	5.4
514	-0.694507	230.990000	2.638469	0.000138	4.8
515	-0.694507	231.990000	2.628040	0.000139	5.0
516	-0.694507	232.990000	2.617693	0.000292	5.7
517	-0.694507	233.990000	2.607427	0.000140	6.6
518	-0.694507	234.990000	2.597241	0.000138	4.6
519	-0.694507	235.990000	2.587135	0.000140	1.3
520	-0.694507	236.990000	2.577107	0.000138	1.5
521	-0.694507	237.990000	2.567156	0.000139	1.7
522	-0.694507	238.990000	2.557282	0.000292	1.3
523	-0.694507	239.990000	2.547484	0.000140	7.8
524	-0.694507	240.990000	2.537760	0.000138	4.2
525	-0.694507	241.990000	2.528110	0.000139	5.0
526	-0.694507	242.990000	2.518534	0.000138	3.8
527	-0.694507	243.990000	2.509030	0.000260	7.7
528	-0.694507	244.990000	2.499597	0.000139	4.5
529	-0.694507	245.990000	2.490235	0.000139	5.1
530	-0.694507	246.990000	2.480942	0.000138	4.6
531	-0.694507	247.990000	2.471719	0.000139	4.7
532	-0.694507	248.990000	2.462564	0.000260	4.7
533	-0.694507	249.990000	2.453477	0.000139	5.4
534	-0.694507	250.990000	2.444457	0.000139	1.4
535	-0.694507	251.990000	2.435502	0.000139	1.9
536	-0.694507	252.990000	2.426613	0.000138	1.1
537	-0.694507	253.990000	2.417789	0.000292	2.2
538	-0.694507	254.990000	2.409028	0.000139	4.9
539	-0.694507	255.990000	2.400331	0.000139	5.3
540	-0.694507	256.990000	2.391697	0.000138	6.7
541	-0.694507	257.990000	2.383124	0.000139	6.8
542	-0.694507	258.990000	2.374613	0.000138	7.6
543	-0.694507	259.990000	2.366162	0.000292	8.0
544	-0.694507	260.990000	2.357771	0.000139	6.0
545	-0.694507	261.990000	2.349439	0.000137	7.4
546	-0.694507	261.980000	2.349522	0.000140	5.3
547	-0.694507	262.980000	2.341249	0.000136	7.3
548	-0.694507	263.980000	2.333033	0.000293	5.8
549	-0.694507	264.980000	2.324875	0.000138	4.7
550	-0.694507	265.980000	2.316774	0.000140	2.0
551	-0.694507	266.980000	2.308729	0.000137	3.6
552	-0.694507	267.980000	2.300740	0.000140	4.2
553	-0.694507	268.980000	2.292806	0.000259	6.9
554	-0.694507	269.980000	2.284926	0.000140	6.2
555	-0.694507	270.980000	2.277100	0.000138	5.9
556	-0.694507	271.980000	2.269328	0.000140	6.9
557	-0.694507	272.980000	2.261609	0.000137	5.4
558	-0.694507	273.980000	2.253942	0.000292	2.7
559	-0.694507	274.980000	2.246327	0.000138	2.0
560	-0.694507	275.980000	2.238763	0.000136	1.8
561	-0.694507	275.970000	2.238838	0.000141	2.2
562	-0.694507	276.970000	2.231324	0.000136	2.1
563	-0.694507	277.970000	2.223861	0.000293	2.8
564	-0.694507	278.970000	2.216448	0.000137	6.4
565	-0.694507	279.970000	2.209083	0.000140	7.6
566	-0.694507	280.970000	2.201768	0.000137	3.2
567	-0.694507	281.970000	2.194500	0.000140	4.0
568	-0.694507	282.970000	2.187281	0.000136	4.9
569	-0.694507	283.970000	2.180109	0.000293	5.3
570	-0.694507	284.970000	2.172983	0.000137	4.4
571	-0.694507	285.970000	2.165905	0.000135	10.5
572	-0.694507	285.960000	2.165975	0.000141	4.8
573	-0.694507	286.960000	2.158942	0.000135	8.6
574	-0.694507	287.960000	2.151954	0.000294	8.7
575	-0.694507	288.960000	2.145011	0.000136	4.8
576	-0.694507	289.960000	2.138113	0.000141	6.0
577	-0.694507	290.960000	2.131260	0.000136	10.7
578	-0.694507	291.960000	2.124450	0.000141	7.4
579	-0.694507	292.960000	2.117683	0.000258	2.3
580	-0.694507	293.960000	2.110959	0.000141	2.8
581	-0.694507	294.960000	2.104278	0.000136	2.6
582	-0.694507	295.960000	2.097639	0.000141	0.9
583	-0.694507	296.960000	2.091042	0.000136	6.5
584	-0.694507	297.960000	2.084486	0.000293	8.4
585	-0.694507	298.960000	2.077971	0.000137	7.8
586	-0.694507	299.960000	2.071497	0.000135	7.8
587	-0.694507	299.950000	2.071562	0.000141	7.3
588	-0.694507	300.950000	2.065127	0.000135	7.1
589	-0.694507	301.950000	2.058733	0.000293	7.2
590	-0.694507	302.950000	2.052378	0.000136	8.1
591	-0.694507	303.950000	2.046062	0.000141	6.9
592	-0.694507	304.950000	2.039785	0.000135	6.9
593	-0.694507	305.950000	2.033546	0.000141	6.1
594	-0.694507	306.950000	2.027345	0.000135	6.6
595	-0.694507	307.950000	2.021182	0.000293	1.9
596	-0.694507	308.950000	2.015056	0.000136	4.2
597	-0.694507	309.950000	2.008967	0.000134	2.0
598	-0.694507	309.940000	2.009028	0.000142	1.5
599	-0.694507	310.940000	2.002976	0.000134	1.3
600	-0.694507	311.940000	1.996960	0.000294	5.1
601	-0.694507	312.940000	1.990980	0.000135	7.2
602	-0.694507	313.940000	1.985035	0.000142	7.4
603	-0.694507	314.940000	1.979127	0.000135	6.3
604	-0.694507	315.940000	1.973253	0.000142	4.6
605	-0.694507	316.940000	1.967414	0.000258	7.3
606	-0.694507	317.940000	1.961609	0.000134	5.3
607	-0.694507	318.940000	1.955839	0.000142	4.9
608	-0.694507	319.940000	1.950102	0.000134	6.2
609	-0.694507	320.940000	1.944399	0.000142	4.9
610	-0.694507	321.940000	1.938729	0.000258	4.9
611	-0.694507	322.940000	1.933092	0.000142	5.8
612	-0.694507	323.940000	1.927488	0.000134	6.0
613	-0.694507	324.940000	1.921916	0.000142	5.6
614	-0.694507	325.940000	1.916377	0.000134	2.8
615	-0.694507	326.940000	1.910869	0.000294	2.1
616	-0.694507	327.940000	1.905393	0.000135	0.9
617	-0.694507	328.940000	1.899948	0.000133	1.0
618	-0.694507	328.930000	1.900002	0.000143	2.0
619	-0.694507	329.930000	1.894588	0.000133	1.1
620	-0.694507	330.930000	1.889205	0.000294	9.3
621	-0.694507	331.930000	1.883852	0.000134	6.1
622	-0.694507	332.930000	1.878529	0.000142	5.4
623	-0.694507	333.930000	1.873236	0.000134	10.4
624	-0.694507	334.930000	1.867973	0.000142	6.3
625	-0.694507	335.930000	1.862740	0.000133	5.2
626	-0.694507	336.930000	1.857536	0.000294	11.3
627	-0.694507	337.930000	1.852361	0.000134	5.8
628	-0.694507	338.930000	1.847214	0.000133	7.7
629	-0.694507	338.920000	1.847265	0.000143	4.1
630	-0.694507	339.920000	1.842147	0.000132	3.6
631	-0.694507	340.920000	1.837057	0.000294	1.8
632	-0.694507	341.920000	1.831995	0.000134	1.6
633	-0.694507	342.920000	1.826961	0.000143	3.0
634	-0.694507	343.920000	1.821955	0.000133	1.1
635	-0.694507	344.920000	1.816976	0.000143	4.9
636	-0.694507	345.920000	1.812024	0.000257	4.2
637	-0.694507	346.920000	1.807099	0.000133	6.0
638	-0.694507	347.920000	1.802200	0.000143	11.5
639	-0.694507	348.920000	1.797329	0.000132	4.9
640	-0.694507	349.920000	1.792483	0.000143	4.8
641	-0.694507	350.920000	1.787663	0.000257	5.6
642	-0.694507	351.920000	1.782870	0.000143	6.9
643	-0.694507	352.920000	1.778102	0.000133	5.6
644	-0.694507	353.920000	1.773359	0.000143	5.5
645	-0.694507	354.920000	1.768642	0.000133	3.8
646	-0.694507	355.920000	1.763949	0.000294	3.8
647	-0.694507	356.920000	1.759282	0.000134	3.8
648	-0.694507	357.920000	1.754639	0.000132	6.5
649	-0.694507	357.910000	1.754685	0.000143	4.0
650	-0.694507	358.910000	1.750066	0.000132	4.4
651	-0.694507	359.910000	1.745472	0.000294	3.9
652	-0.694507	360.910000	1.740902	0.000133	3.8
653	-0.694507	361.910000	1.736355	0.000143	3.6
654	-0.694507	362.910000	1.731832	0.000133	3.3
655	-0.694507	363.910000	1.727333	0.000143	4.4
656	-0.694507	364.910000	1.722857	0.000132	4.2
657	-0.694507	365.910000	1.718404	0.000294	4.0
658	-0.694507	366.910000	1.713974	0.000133	3.5
659	-0.694507	367.910000	1.709567	0.000132	3.8
660	-0.694507	367.900000	1.709611	0.000144	3.4
661	-0.694507	368.900000	1.705226	0.000132	3.4
662	-0.694507	369.900000	1.700864	0.000295	3.7
663	-0.694507	370.900000	1.696524	0.000133	4.5
664	-0.694507	371.900000	1.692206	0.000143	3.8
665	-0.694507	372.900000	1.687910	0.000132	3.8
666	-0.694507	373.900000	1.683636	0.000143	3.3
667	-0.694507	374.900000	1.679383	0.000257	4.5
668	-0.694507	375.900000	1.675152	0.000132	4.4
669	-0.694507	376.900000	1.670942	0.000144	3.8
670	-0.694507	377.900000	1.666753	0.000132	3.6
671	-0.694507	378.900000	1.662585	0.000144	3.5
672	-0.694507	379.900000	1.658438	0.000257	3.3
673	-0.694507	380.900000	1.654311	0.000143	4.2
674	-0.694507	381.900000	1.650205	0.000132	3.2
675	-0.694507	382.900000	1.646120	0.000143	3.2
676	-0.694507	383.900000	1.642054	0.000132	3.2
677	-0.694507	384.900000	1.638009	0.000257	3.1
678	-0.694507	385.900000	1.633983	0.000144	3.2
679	-0.694507	386.900000	1.629977	0.000132	3.4
680	-0.694507	387.900000	1.625991	0.000144	3.3
681	-0.694507	388.900000	1.622024	0.000131	3.1
682	-0.694507	389.900000	1.618077	0.000144	3.9
683	-0.694507	390.900000	1.614148	0.000257	3.1
684	-0.694507	391.900000	1.610239	0.000131	3.4
685	-0.694507	392.900000	1.606349	0.000144	3.9
686	-0.694507	393.900000	1.602477	0.000131	3.5
687	-0.694507	394.900000	1.598624	0.000144	3.2
688	-0.694507	395.900000	1.594790	0.000257	3.7
689	-0.694507	396.900000	1.590973	0.000144	3.5
690	-0.694507	397.900000	1.587175	0.000131	3.6
691	-0.694507	398.900000	1.583395	0.000144	3.4
692	-0.694507	399.900000	1.579634	0.000131	4.1
693	-0.694507	400.900000	1.575889	0.000295	3.2
694	-0.694507	401.900000	1.572163	0.000132	2.5
695	-0.694507	402.900000	1.568454	0.000131	4.6
696	-0.694507	402.890000	1.568491	0.000144	5.7
697	-0.694507	403.890000	1.564800	0.000131	4.8
698	-0.694507	404.890000	1.561126	0.000295	4.3
699	-0.694507	405.890000	1.557469	0.000131	5.9
700	-0.694507	406.890000	1.553829	0.000144	4.8
701	-0.694507	407.890000	1.550206	0.000131	4.6
702	-0.694507	408.890000	1.546600	0.000144	1.3
703	-0.694507	409.890000	1.543010	0.000131	0.9
704	-0.694507	410.890000	1.539438	0.000256	0.9
705	-0.694507	411.890000	1.535882	0.000145	1.1
706	-0.694507	412.890000	1.532342	0.000131	1.5
707	-0.694507	413.890000	1.528818	0.000144	1.0
708	-0.694507	414.890000	1.525311	0.000130	3.9
709	-0.694507	415.890000	1.521820	0.000295	6.5
710	-0.694507	416.890000	1.518344	0.000131	3.1
711	-0.694507	417.890000	1.514885	0.000130	1.5
712	-0.694507	417.880000	1.514919	0.000145	1.1
713	-0.694507	418.880000	1.511475	0.000130	2.0
714	-0.694507	419.880000	1.508047	0.000295	2.3
715	-0.694507	420.880000	1.504634	0.000131	2.0
716	-0.694507	421.880000	1.501237	0.000145	2.8
717	-0.694507	422.880000	1.497855	0.000130	2.2
718	-0.694507	423.880000	1.494488	0.000144	1.6
719	-0.694507	424.880000	1.491136	0.000256	1.7
720	-0.694507	425.880000	1.487799	0.000130	2.1
721	-0.694507	426.880000	1.484477	0.000145	1.8
722	-0.694507	427.880000	1.481170	0.000130	9.8
723	-0.694507	428.880000	1.477878	0.000145	1.9
724	-0.694507	429.880000	1.474600	0.000256	2.1
725	-0.694507	430.880000	1.471337	0.000145	3.2
726	-0.694507	431.880000	1.468088	0.000131	2.5
727	-0.694507	432.880000	1.464854	0.000130	4.4
728	-0.694507	432.870000	1.464886	0.000145	2.0
729	-0.694507	433.870000	1.461665	0.000256	3.0
730	-0.694507	434.870000	1.458459	0.000145	2.0
731	-0.694507	435.870000	1.455267	0.000130	3.5
732	-0.694507	436.870000	1.452088	0.000145	2.1
733	-0.694507	437.870000	1.448924	0.000130	1.7
734	-0.694507	438.870000	1.445773	0.000145	2.9
735	-0.694507	439.870000	1.442636	0.000256	1.3
736	-0.694507	440.870000	1.439513	0.000130	1.4
737	-0.694507	441.870000	1.436403	0.000145	1.8
738	-0.694507	442.870000	1.433306	0.000129	2.2
739	-0.694507	443.870000	1.430223	0.000145	3.0
740	-0.694507	444.870000	1.427153	0.000256	1.3
741	-0.694507	445.870000	1.424096	0.000145	1.8
742	-0.694507	446.870000	1.421052	0.000130	2.0
743	-0.694507	447.870000	1.418022	0.000129	1.6
744	-0.694507	447.860000	1.418052	0.000146	3.5
745	-0.694507	448.860000	1.415034	0.000256	3.5
746	-0.694507	449.860000	1.412029	0.000145	2.8
747	-0.694507	450.860000	1.409036	0.000130	2.7
748	-0.694507	451.860000	1.406056	0.000145	4.2
749	-0.694507	452.860000	1.403089	0.000129	5.0
750	-0.694507	453.860000	1.400134	0.000295	1.6
751	-0.694507	454.860000	1.397192	0.000130	2.2
752	-0.694507	455.860000	1.394262	0.000129	2.0
753	-0.694507	455.850000	1.394291	0.000146	1.1
754	-0.694507	456.850000	1.391373	0.000129	2.2
755	-0.694507	457.850000	1.388468	0.000296	2.9
756	-0.694507	458.850000	1.385574	0.000130	1.8
757	-0.694507	459.850000	1.382693	0.000145	3.6
758	-0.694507	460.850000	1.379823	0.000130	1.5
759	-0.694507	461.850000	1.376965	0.000129	1.7
760	-0.694507	461.840000	1.376994	0.000296	2.0
761	-0.694507	462.840000	1.374148	0.000129	2.5
762	-0.694507	463.840000	1.371314	0.000146	1.7
763	-0.694507	464.840000	1.368491	0.000129	2.4
764	-0.694507	465.840000	1.365680	0.000146	3.2
765	-0.694507	466.840000	1.362881	0.000129	2.3
766	-0.694507	467.840000	1.360093	0.000296	8.8
767	-0.694507	468.840000	1.357316	0.000130	2.9
768	-0.694507	469.840000	1.354551	0.000129	1.9
769	-0.694507	469.830000	1.354578	0.000146	1.4
770	-0.694507	470.830000	1.351824	0.000129	1.8
771	-0.694507	471.830000	1.349081	0.000296	1.2
772	-0.694507	472.830000	1.346349	0.000129	2.4
773	-0.694507	473.830000	1.343629	0.000128	2.3
774	-0.694507	473.820000	1.343656	0.000146	2.4
775	-0.694507	474.820000	1.340946	0.000128	2.4
776	-0.694507	475.820000	1.338247	0.000296	1.3
777	-0.694507	476.820000	1.335559	0.000129	1.6
778	-0.694507	477.820000	1.332881	0.000146	1.5
779	-0.694507	478.820000	1.330214	0.000129	2.3
780	-0.694507	479.820000	1.327558	0.000146	3.1
781	-0.694507	480.820000	1.324913	0.000129	1.2
782	-0.694507	481.820000	1.322278	0.000256	1.2
783	-0.694507	482.820000	1.319653	0.000146	1.1
784	-0.694507	483.820000	1.317039	0.000128	1.0
785	-0.694507	484.820000	1.314435	0.000146	1.7
786	-0.694507	485.820000	1.311842	0.000128	1.4
787	-0.694507	486.820000	1.309259	0.000296	1.0
788	-0.694507	487.820000	1.306686	0.000129	2.9
789	-0.694507	488.820000	1.304123	0.000128	3.9
790	-0.694507	488.810000	1.304148	0.000146	2.3
791	-0.694507	489.810000	1.301595	0.000128	1.6
792	-0.694507	490.810000	1.299052	0.000296	3.1
793	-0.694507	491.810000	1.296519	0.000129	1.9
794	-0.694507	492.810000	1.293995	0.000146	3.0
795	-0.694507	493.810000	1.291482	0.000128	1.5
796	-0.694507	494.810000	1.288978	0.000127	2.7
797	-0.694507	494.800000	1.289003	0.000297	1.8
798	-0.694507	495.800000	1.286509	0.000128	2.7
799	-0.694507	496.800000	1.284024	0.000146	2.6
800	-0.694507	497.800000	1.281549	0.000128	2.0
801	-0.694507	498.800000	1.279084	0.000146	1.9
802	-0.694507	499.800000	1.276628	0.000255	3.3
803	-0.694507	500.800000	1.274181	0.000128	4.1
804	-0.694507	501.800000	1.271744	0.000147	2.2
805	-0.694507	502.800000	1.269316	0.000128	1.8
806	-0.694507	503.800000	1.266897	0.000147	1.9
807	-0.694507	504.800000	1.264488	0.000255	1.9
808	-0.694507	505.800000	1.262088	0.000146	2.8
809	-0.694507	506.800000	1.259696	0.000128	2.3
810	-0.694507	507.800000	1.257314	0.000127	6.1
811	-0.694507	507.790000	1.257338	0.000147	2.0
812	-0.694507	508.790000	1.254965	0.000127	2.4
813	-0.694507	509.790000	1.252600	0.000297	1.7
814	-0.694507	510.790000	1.250245	0.000128	1.6
815	-0.694507	511.790000	1.247898	0.000146	1.6
816	-0.694507	512.790000	1.245561	0.000128	2.3
817	-0.694507	513.790000	1.243231	0.000146	4.2
818	-0.694507	514.790000	1.240911	0.000255	1.9
819	-0.694507	515.790000	1.238599	0.000128	3.7
820	-0.694507	516.790000	1.236296	0.000147	10.4
821	-0.694507	517.790000	1.234002	0.000128	5.4
822	-0.694507	518.790000	1.231716	0.000147	7.5
823	-0.694507	519.790000	1.229438	0.000255	4.8
824	-0.694507	520.790000	1.227169	0.000127	3.4
825	-0.694507	521.790000	1.224908	0.000147	7.1
826	-0.694507	522.790000	1.222655	0.000127	5.0
827	-0.694507	523.790000	1.220411	0.000147	6.0
828	-0.694507	524.790000	1.218175	0.000255	11.5
829	-0.694507	525.790000	1.215947	0.000147	5.4
830	-0.694507	526.790000	1.213727	0.000128	2.7
831	-0.694507	527.790000	1.211516	0.000127	1.6
832	-0.694507	527.780000	1.211538	0.000147	2.0
833	-0.694507	528.780000	1.209334	0.000255	2.1
834	-0.694507	529.780000	1.207139	0.000147	2.4
835	-0.694507	530.780000	1.204951	0.000128	3.0
836	-0.694507	531.780000	1.202771	0.000147	1.9
837	-0.694507	532.780000	1.200599	0.000127	1.8
838	-0.694507	533.780000	1.198435	0.000147	1.9
839	-0.694507	534.780000	1.196279	0.000255	2.5
840	-0.694507	535.780000	1.194130	0.000127	4.9
841	-0.694507	536.780000	1.191989	0.000147	5.4
842	-0.694507	537.780000	1.189856	0.000127	2.8
843	-0.694507	538.780000	1.187730	0.000147	1.3
844	-0.694507	539.780000	1.185612	0.000255	1.7
845	-0.694507	540.780000	1.183502	0.000127	2.9
846	-0.694507	541.780000	1.181399	0.000147	3.5
847	-0.694507	542.780000	1.179304	0.000127	2.4
848	-0.694507	543.780000	1.177215	0.000147	2.4
849	-0.694507	544.780000	1.175135	0.000255	2.4
850	-0.694507	545.780000	1.173061	0.000147	3.1
851	-0.694507	546.780000	1.170995	0.000127	2.5
852	-0.694507	547.780000	1.168937	0.000127	1.7
853	-0.694507	547.770000	1.168957	0.000147	1.8
854	-0.694507	548.770000	1.166906	0.000255	2.4
855	-0.694507	549.770000	1.164861	0.000147	2.2
856	-0.694507	550.770000	1.162824	0.000127	1.9
857	-0.694507	551.770000	1.160794	0.000147	4.3
858	-0.694507	552.770000	1.158771	0.000127	8.5
859	-0.694507	553.770000	1.156754	0.000255	6.8
860	-0.694507	554.770000	1.154745	0.000147	4.0
861	-0.694507	555.770000	1.152743	0.000127	3.8
862	-0.694507	556.770000	1.150748	0.000147	6.5
863	-0.694507	557.770000	1.148760	0.000127	3.0
864	-0.694507	558.770000	1.146778	0.000297	5.8
865	-0.694507	559.770000	1.144804	0.000127	4.5
866	-0.694507	560.770000	1.142836	0.000127	5.2
867	-0.694507	560.760000	1.142856	0.000148	4.7
868	-0.694507	561.760000	1.140895	0.000126	4.7
869	-0.694507	562.760000	1.138940	0.000147	5.7
870	-0.694507	563.760000	1.136993	0.000255	4.3
871	-0.694507	564.760000	1.135051	0.000126	4.3
872	-0.694507	565.760000	1.133117	0.000148	4.9
873	-0.694507	566.760000	1.131189	0.000126	4.1
874	-0.694507	567.760000	1.129268	0.000148	4.1
875	-0.694507	568.760000	1.127353	0.000255	4.0
876	-0.694507	569.760000	1.125445	0.000147	4.6
877	-0.694507	570.760000	1.123543	0.000127	4.7
878	-0.694507	571.760000	1.121647	0.000147	4.0
879	-0.694507	572.760000	1.119758	0.000127	4.0
880	-0.694507	573.760000	1.117876	0.000255	5.2
881	-0.694507	574.760000	1.115999	0.000148	4.0
882	-0.694507	575.760000	1.114129	0.000127	4.0
883	-0.694507	576.760000	1.112265	0.000148	5.4
884	-0.694507	577.760000	1.110408	0.000126	5.1
885	-0.694507	578.760000	1.108556	0.000297	5.3
886	-0.694507	579.760000	1.106711	0.000127	2.2
887	-0.694507	580.760000	1.104872	0.000126	2.7
888	-0.694507	580.750000	1.104890	0.000148	1.6
889	-0.694507	581.750000	1.103057	0.000126	1.4
890	-0.694507	582.750000	1.101230	0.000297	1.8
891	-0.694507	583.750000	1.099409	0.000127	1.8
892	-0.694507	584.750000	1.097594	0.000126	1.3
893	-0.694507	584.740000	1.097612	0.000148	1.4
894	-0.694507	585.740000	1.095803	0.000126	5.0
895	-0.694507	586.740000	1.094000	0.000148	5.5
896	-0.694507	587.740000	1.092203	0.000255	3.8
897	-0.694507	588.740000	1.090412	0.000148	4.1
898	-0.694507	589.740000	1.088627	0.000127	4.5
899	-0.694507	590.740000	1.086847	0.000126	6.6
900	-0.694507	590.730000	1.086865	0.000148	6.6
901	-0.694507	591.730000	1.085091	0.000255	7.4
902	-0.694507	592.730000	1.083323	0.000148	6.6
903	-0.694507	593.730000	1.081561	0.000126	5.3
904	-0.694507	594.730000	1.079804	0.000148	6.4
905	-0.694507	595.730000	1.078053	0.000126	5.1
906	-0.694507	596.730000	1.076308	0.000255	5.7
907	-0.694507	597.730000	1.074568	0.000148	5.6
908	-0.694507	598.730000	1.072835	0.000126	11.9
909	-0.694507	599.730000	1.071106	0.000148	6.8
910	-0.694507	600.730000	1.069383	0.000126	6.7
911	-0.694507	601.730000	1.067666	0.000297	6.8
912	-0.694507	602.730000	1.065954	0.000127	6.9
913	-0.694507	603.730000	1.064248	0.000126	3.6
914	-0.694507	603.720000	1.064265	0.000148	4.7
915	-0.694507	604.720000	1.062564	0.000126	1.6
916	-0.694507	605.720000	1.060869	0.000297	1.1
917	-0.694507	606.720000	1.059179	0.000126	1.4
918	-0.694507	607.720000	1.057494	0.000126	4.1
919	-0.694507	607.710000	1.057511	0.000148	4.7
920	-0.694507	608.710000	1.055832	0.000126	4.1
921	-0.694507	609.710000	1.054158	0.000148	3.9
922	-0.694507	610.710000	1.052489	0.000255	4.4
923	-0.694507	611.710000	1.050825	0.000125	3.8
924	-0.694507	612.710000	1.049167	0.000149	5.0
925	-0.694507	613.710000	1.047514	0.000125	6.4
926	-0.694507	614.710000	1.045866	0.000148	6.0
927	-0.694507	615.710000	1.044224	0.000255	4.5
928	-0.694507	616.710000	1.042586	0.000148	3.9
929	-0.694507	617.710000	1.040954	0.000126	4.1
930	-0.694507	618.710000	1.039327	0.000125	1.9
931	-0.694507	618.700000	1.039343	0.000149	1.2
932	-0.694507	619.700000	1.037721	0.000254	1.3
933	-0.694507	620.700000	1.036104	0.000148	2.8
934	-0.694507	621.700000	1.034492	0.000126	3.8
935	-0.694507	622.700000	1.032885	0.000148	3.8
936	-0.694507	623.700000	1.031282	0.000126	3.1
937	-0.694507	624.700000	1.029685	0.000254	4.1
938	-0.694507	625.700000	1.028093	0.000149	3.6
939	-0.694507	626.700000	1.026506	0.000126	4.8
940	-0.694507	627.700000	1.024923	0.000148	3.8
941	-0.694507	628.700000	1.023346	0.000125	3.5
942	-0.694507	629.700000	1.021773	0.000297	4.1
943	-0.694507	630.700000	1.020205	0.000126	3.9
944	-0.694507	631.700000	1.018642	0.000125	4.9
945	-0.694507	631.690000	1.018658	0.000149	4.4
946	-0.694507	632.690000	1.017099	0.000125	5.1
947	-0.694507	633.690000	1.015546	0.000148	1.9
948	-0.694507	634.690000	1.013997	0.000254	1.1
949	-0.694507	635.690000	1.012453	0.000125	1.1
950	-0.694507	636.690000	1.010914	0.000149	1.1
951	-0.694507	637.690000	1.009379	0.000125	3.8
952	-0.694507	638.690000	1.007849	0.000149	4.6
953	-0.694507	639.690000	1.006323	0.000254	6.7
954	-0.694507	640.690000	1.004802	0.000148	4.5
955	-0.694507	641.690000	1.003286	0.000126	3.4
956	-0.694507	642.690000	1.001775	0.000125	5.0
957	-0.694507	642.680000	1.001790	0.000149	4.3
958	-0.694507	643.680000	1.000282	0.000254	5.4
959	-0.694507	644.680000	0.998780	0.000149	4.7
960	-0.694507	645.680000	0.997282	0.000125	6.1
961	-0.694507	646.680000	0.995788	0.000125	4.7
962	-0.694507	646.670000	0.995803	0.000149	4.9
963	-0.694507	647.670000	0.994314	0.000254	5.9
964	-0.694507	648.670000	0.992829	0.000149	2.6
965	-0.694507	649.670000	0.991349	0.000125	3.3
966	-0.694507	650.670000	0.989873	0.000149	2.3
967	-0.694507	651.670000	0.988401	0.000125	1.8
968	-0.694507	652.670000	0.986934	0.000124	1.1
969	-0.694507	652.660000	0.986949	0.000298	9.0
970	-0.694507	653.660000	0.985486	0.000125	4.1
971	-0.694507	654.660000	0.984027	0.000149	3.8
972	-0.694507	655.660000	0.982573	0.000125	4.1
973	-0.694507	656.660000	0.981123	0.000149	4.2
974	-0.694507	657.660000	0.979677	0.000254	5.4
975	-0.694507	658.660000	0.978236	0.000125	5.5
976	-0.694507	659.660000	0.976799	0.000149	3.8
977	-0.694507	660.660000	0.975366	0.000125	4.5
978	-0.694507	661.660000	0.973937	0.000149	4.5
979	-0.694507	662.660000	0.972512	0.000254	4.0
980	-0.694507	663.660000	0.971092	0.000125	4.4
981	-0.694507	664.660000	0.969676	0.000149	3.7
982	-0.694507	665.660000	0.968263	0.000125	3.8
983	-0.694507	666.660000	0.966855	0.000149	3.9
984	-0.694507	667.660000	0.965451	0.000254	3.7
985	-0.694507	668.660000	0.964052	0.000125	3.6
986	-0.694507	669.660000	0.962656	0.000149	3.6
987	-0.694507	670.660000	0.961264	0.000124	3.9
988	-0.694507	671.660000	0.959876	0.000149	3.9
989	-0.694507	672.660000	0.958492	0.000254	4.1
990	-0.694507	673.660000	0.957112	0.000149	4.2
991	-0.694507	674.660000	0.955737	0.000125	3.9
992	-0.694507	675.660000	0.954365	0.000124	4.9
993	-0.694507	675.650000	0.954378	0.000149	4.3
994	-0.694507	676.650000	0.953010	0.000124	4.9
995	-0.694507	677.650000	0.951646	0.000298	4.3
996	-0.694507	678.650000	0.950286	0.000125	4.2
997	-0.694507	679.650000	0.948930	0.000149	3.5
998	-0.694507	680.650000	0.947578	0.000125	3.8
999	-0.694507	681.650000	0.946229	0.000124	3.7
