1:ItNr	2:Metric	3a:Time	3b:StepSize	4:||Gradient||	Time[ms]
0	-0.672725	0.000000	24.538569	0.017171	83.9
1	-0.679096	0.000000	24.538569	0.017180	6.8
2	-0.684494	0.000000	24.538569	0.013412	7.3
3	-0.687541	0.000000	24.538569	0.011023	5.8
4	-0.689285	0.000000	24.538569	0.008540	7.3
5	-0.690171	0.000000	24.538569	0.006719	19.8
6	-0.690522	0.000000	24.538569	0.005202	14.5
7	-0.690607	0.000000	24.538569	0.004220	10.3
8	-0.690570	0.000000	24.538569	0.003597	7.9
9	-0.690567	0.000000	24.538569	0.003267	9.1
10	-0.690480	0.000000	24.538569	0.002890	14.2
11	-0.690383	0.000000	24.538569	0.002654	14.6
12	-0.690248	0.000000	24.538569	0.002388	117.4
13	-0.690022	0.000000	24.538569	0.002201	12.4
14	-0.689825	0.000000	24.538569	0.002130	8.4
15	-0.689692	0.000000	24.538569	0.001982	12.5
16	-0.689564	0.000000	24.538569	0.002119	11.0
17	-0.689388	0.000000	24.538569	0.002009	8.3
18	-0.689199	0.000000	24.538569	0.001978	7.8
19	-0.689102	0.000000	24.538569	0.001920	21.0
20	-0.688963	0.000000	24.538569	0.001757	9.3
21	-0.688848	0.000000	24.538569	0.001771	5.8
22	-0.688732	0.000000	24.538569	0.001691	5.1
23	-0.688631	0.000000	24.538569	0.001559	6.2
24	-0.688545	0.000000	24.538569	0.001610	4.6
25	-0.688479	0.000000	24.538569	0.001488	5.0
26	-0.688407	0.000000	24.538569	0.001396	5.8
27	-0.688350	0.000000	24.538569	0.001337	4.8
28	-0.688291	0.000000	24.538569	0.001275	4.5
29	-0.688267	0.000000	24.538569	0.001143	6.4
30	-0.688277	0.000000	24.538569	0.001083	4.7
31	-0.688295	0.000000	24.538569	0.000980	5.5
32	-0.688310	0.000000	24.538569	0.000915	6.1
33	-0.688333	0.000000	24.538569	0.000917	4.8
34	-0.688367	0.000000	24.538569	0.000935	6.5
35	-0.688391	0.000000	24.538569	0.000841	6.0
36	-0.688384	0.000000	24.538569	0.000767	6.6
37	-0.688404	0.000000	24.538569	0.000688	5.7
38	-0.688423	0.000000	24.538569	0.000616	6.8
39	-0.688460	0.000000	24.538569	0.000572	17.7
40	-0.688516	0.000000	24.538569	0.000519	9.9
41	-0.688552	0.000000	24.538569	0.000467	9.2
42	-0.688579	0.000000	24.538569	0.000437	9.8
43	-0.688625	0.000000	24.538569	0.000426	9.4
44	-0.688642	0.000000	24.538569	0.000377	6.2
45	-0.688640	0.000000	24.538569	0.000349	289.5
46	-0.688648	0.000000	24.538569	0.000355	11.9
47	-0.688646	0.000000	24.538569	0.000358	8.4
48	-0.688645	0.000000	24.538569	0.000328	9.3
49	-0.688644	0.000000	24.538569	0.000301	8.5
50	-0.688652	0.000000	24.538569	0.000265	6.6
51	-0.688650	0.000000	24.538569	0.000236	7.8
52	-0.688639	0.000000	24.538569	0.000213	11.9
53	-0.688628	0.000000	24.538569	0.000183	8.4
54	-0.688627	0.000000	24.538569	0.000169	21.4
55	-0.688616	0.000000	24.538569	0.000172	15.5
56	-0.688615	0.000000	24.538569	0.000148	9.5
57	-0.688614	0.000000	24.538569	0.000139	10.4
58	-0.688632	0.000000	24.538569	0.000120	25.2
59	-0.688631	0.000000	24.538569	0.000118	11.7
60	-0.688630	0.000000	24.538569	0.000090	13.4
61	-0.688629	0.000000	24.538569	0.000078	9.2
62	-0.688629	0.000000	24.538569	0.000070	11.6
63	-0.688628	0.000000	24.538569	0.000063	13.9
64	-0.688628	0.000000	24.538569	0.000057	12.9
65	-0.688627	0.000000	24.538569	0.000076	11.0
66	-0.688627	0.000000	24.538569	0.000060	13.8
67	-0.688627	0.000000	24.538569	0.000095	10.1
68	-0.688626	0.000000	24.538569	0.000085	9.0
69	-0.688625	0.000000	24.538569	0.000089	5.9
70	-0.688624	0.000000	24.538569	0.000085	9.6
71	-0.688623	0.000000	24.538569	0.000080	9.6
72	-0.688632	0.000000	24.538569	0.000044	10.2
73	-0.688631	0.000000	24.538569	0.000039	9.0
74	-0.688631	0.000000	24.538569	0.000034	10.9
75	-0.688631	0.000000	24.538569	0.000031	8.3
76	-0.688630	0.000000	24.538569	0.000028	5.8
77	-0.688630	0.000000	24.538569	0.000025	7.6
78	-0.688630	0.000000	24.538569	0.000023	7.8
79	-0.688639	0.000000	24.538569	0.000021	7.3
80	-0.688639	0.000000	24.538569	0.000019	7.0
81	-0.688639	0.000000	24.538569	0.000017	7.0
82	-0.688648	0.000000	24.538569	0.000015	8.4
83	-0.688648	0.000000	24.538569	0.000016	10.1
84	-0.688648	0.000000	24.538569	0.000014	12.9
85	-0.688648	0.000000	24.538569	0.000013	12.4
86	-0.688648	0.000000	24.538569	0.000012	5.5
87	-0.688648	0.000000	24.538569	0.000011	11.7
88	-0.688648	0.000000	24.538569	0.000010	6.3
89	-0.688647	0.000000	24.538569	0.000009	9.0
90	-0.688647	0.000000	24.538569	0.000009	6.6
91	-0.688647	0.000000	24.538569	0.000008	7.2
92	-0.688647	0.000000	24.538569	0.000008	6.6
93	-0.688647	0.000000	24.538569	0.000007	7.6
94	-0.688647	0.000000	24.538569	0.000006	11.7
95	-0.688647	0.000000	24.538569	0.000006	8.6
96	-0.688647	0.000000	24.538569	0.000006	14.8
97	-0.688647	0.000000	24.538569	0.000005	8.7
98	-0.688647	0.000000	24.538569	0.000005	8.1
99	-0.688647	0.000000	24.538569	0.000005	9.2
100	-0.688647	0.000000	24.538569	0.000004	9.9
101	-0.688647	0.000000	24.538569	0.000004	7.8
102	-0.688647	0.000000	24.538569	0.000004	6.7
103	-0.688657	0.000000	24.538569	0.000003	7.3
104	-0.688657	0.000000	24.538569	0.000003	5.9
105	-0.688657	0.000000	24.538569	0.000003	6.8
106	-0.688657	0.000000	24.538569	0.000003	8.7
107	-0.688666	0.000000	24.538569	0.000003	7.3
108	-0.688666	0.000000	24.538569	0.000002	7.5
109	-0.688666	0.000000	24.538569	0.000002	8.8
110	-0.688666	0.000000	24.538569	0.000002	12.1
111	-0.688666	0.000000	24.538569	0.000002	14.8
112	-0.688666	0.000000	24.538569	0.000002	11.8
113	-0.688666	0.000000	24.538569	0.000002	13.9
114	-0.688666	0.000000	24.538569	0.000002	10.7
115	-0.688666	0.000000	24.538569	0.000001	9.9
116	-0.688666	0.000000	24.538569	0.000001	10.2
117	-0.688666	0.000000	24.538569	0.000001	7.3
118	-0.688666	0.000000	24.538569	0.000001	9.7
119	-0.688666	0.000000	24.538569	0.000001	10.5
120	-0.688666	0.000000	24.538569	0.000001	14.4
121	-0.688666	0.000000	24.538569	0.000001	7.4
122	-0.688666	0.000000	24.538569	0.000001	8.3
123	-0.688666	0.000000	24.538569	0.000001	19.3
124	-0.688666	0.000000	24.538569	0.000001	6.1
125	-0.688666	0.000000	24.538569	0.000001	189.2
126	-0.688666	0.000000	24.538569	0.000001	13.3
127	-0.688666	0.000000	24.538569	0.000001	12.9
128	-0.688666	0.000000	24.538569	0.000001	9.1
129	-0.688666	0.000000	24.538569	0.000001	14.5
130	-0.688666	0.000000	24.538569	0.000001	10.0
131	-0.688666	0.000000	24.538569	0.000001	10.8
132	-0.688666	0.000000	24.538569	0.000000	23.8
133	-0.688666	0.000000	24.538569	0.000000	14.5
134	-0.688666	0.000000	24.538569	0.000000	14.1
135	-0.688666	0.000000	24.538569	0.000000	11.5
136	-0.688666	0.000000	24.538569	0.000000	17.0
137	-0.688666	0.000000	24.538569	0.000000	9.3
138	-0.688666	0.000000	24.538569	0.000000	6.3
139	-0.688666	0.000000	24.538569	0.000000	11.6
140	-0.688666	0.000000	24.538569	0.000000	7.6
141	-0.688666	0.000000	24.538569	0.000000	6.5
142	-0.688666	0.000000	24.538569	0.000000	6.1
143	-0.688666	0.000000	24.538569	0.000000	6.9
144	-0.688666	0.000000	24.538569	0.000000	6.2
145	-0.688666	0.000000	24.538569	0.000000	8.2
146	-0.688666	0.000000	24.538569	0.000000	6.2
147	-0.688666	0.000000	24.538569	0.000000	5.9
148	-0.688666	0.000000	24.538569	0.000000	6.8
149	-0.688666	0.000000	24.538569	0.000000	7.1
150	-0.688666	0.000000	24.538569	0.000000	6.7
151	-0.688666	0.000000	24.538569	0.000000	5.6
152	-0.688666	0.000000	24.538569	0.000000	11.6
153	-0.688666	0.000000	24.538569	0.000000	8.7
154	-0.688666	0.000000	24.538569	0.000000	7.4
155	-0.688666	0.000000	24.538569	0.000000	18.0
156	-0.688666	0.000000	24.538569	0.000000	10.7
157	-0.688666	0.000000	24.538569	0.000000	6.3
158	-0.688666	0.000000	24.538569	0.000000	7.5
159	-0.688666	0.000000	24.538569	0.000000	10.2
160	-0.688666	0.000000	24.538569	0.000000	10.1
161	-0.688666	0.000000	24.538569	0.000000	40.7
162	-0.688666	0.000000	24.538569	0.000000	12.3
163	-0.688666	0.000000	24.538569	0.000000	7.1
164	-0.688666	0.000000	24.538569	0.000000	5.8
165	-0.688666	0.000000	24.538569	0.000000	6.7
166	-0.688666	0.000000	24.538569	0.000000	8.4
167	-0.688666	0.000000	24.538569	0.000000	7.5
168	-0.688666	0.000000	24.538569	0.000000	5.6
169	-0.688666	0.000000	24.538569	0.000000	5.7
170	-0.688666	0.000000	24.538569	0.000000	6.1
171	-0.688666	0.000000	24.538569	0.000000	5.6
172	-0.688666	0.000000	24.538569	0.000000	5.8
173	-0.688666	0.000000	24.538569	0.000000	7.0
174	-0.688666	0.000000	24.538569	0.000000	6.9
175	-0.688666	0.000000	24.538569	0.000000	6.8
176	-0.688666	0.000000	24.538569	0.000000	5.7
177	-0.688666	0.000000	24.538569	0.000000	12.9
178	-0.688666	0.000000	24.538569	0.000000	8.6
179	-0.688666	0.000000	24.538569	0.000000	6.0
180	-0.688666	0.000000	24.538569	0.000000	11.3
181	-0.688666	0.000000	24.538569	0.000000	13.4
182	-0.688666	0.000000	24.538569	0.000000	10.5
183	-0.688666	0.000000	24.538569	0.000000	6.5
184	-0.688666	0.000000	24.538569	0.000000	9.6
185	-0.688666	0.000000	24.538569	0.000000	8.5
186	-0.688666	0.000000	24.538569	0.000000	8.6
187	-0.688666	0.000000	24.538569	0.000000	11.4
188	-0.688666	0.000000	24.538569	0.000000	12.1
189	-0.688666	0.000000	24.538569	0.000000	8.5
190	-0.688666	0.000000	24.538569	0.000000	12.9
191	-0.688666	0.000000	24.538569	0.000000	8.6
192	-0.688666	0.000000	24.538569	0.000000	9.2
193	-0.688666	0.000000	24.538569	0.000000	8.5
194	-0.688666	0.000000	24.538569	0.000000	5.8
195	-0.688666	0.000000	24.538569	0.000000	11.9
196	-0.688666	0.000000	24.538569	0.000000	8.6
197	-0.688666	0.000000	24.538569	0.000000	8.8
198	-0.688666	0.000000	24.538569	0.000000	8.6
199	-0.688666	0.000000	24.538569	0.000000	14.4
200	-0.688666	0.000000	24.538569	0.000000	7.5
201	-0.688666	0.000000	24.538569	0.000000	8.1
202	-0.688666	0.000000	24.538569	0.000000	10.0
203	-0.688666	0.000000	24.538569	0.000000	8.0
204	-0.688666	0.000000	24.538569	0.000000	10.1
205	-0.688666	0.000000	24.538569	0.000000	10.6
206	-0.688666	0.000000	24.538569	0.000000	12.0
207	-0.688666	0.000000	24.538569	0.000000	8.7
208	-0.688666	0.000000	24.538569	0.000000	9.9
209	-0.688666	0.000000	24.538569	0.000000	8.8
210	-0.688666	0.000000	24.538569	0.000000	7.8
211	-0.688666	0.000000	24.538569	0.000000	8.1
212	-0.688666	0.000000	24.538569	0.000000	8.5
213	-0.688666	0.000000	24.538569	0.000000	10.4
214	-0.688666	0.000000	24.538569	0.000000	9.4
215	-0.688666	0.000000	24.538569	0.000000	6.4
216	-0.688666	0.000000	24.538569	0.000000	9.1
217	-0.688666	0.000000	24.538569	0.000000	13.1
218	-0.688666	0.000000	24.538569	0.000000	6.7
219	-0.688666	0.000000	24.538569	0.000000	8.3
220	-0.688666	0.000000	24.538569	0.000000	8.7
221	-0.688666	0.000000	24.538569	0.000000	9.7
222	-0.688666	0.000000	24.538569	0.000000	8.4
223	-0.688666	0.000000	24.538569	0.000000	6.9
224	-0.688666	0.000000	24.538569	0.000000	8.5
225	-0.688666	0.000000	24.538569	0.000000	9.0
226	-0.688666	0.000000	24.538569	0.000000	10.0
227	-0.688666	0.000000	24.538569	0.000000	15.5
228	-0.688666	0.000000	24.538569	0.000000	12.7
229	-0.688666	0.000000	24.538569	0.000000	11.1
230	-0.688666	0.000000	24.538569	0.000000	9.7
231	-0.688666	0.000000	24.538569	0.000000	10.5
232	-0.688666	0.000000	24.538569	0.000000	11.0
233	-0.688666	0.000000	24.538569	0.000000	18.2
234	-0.688666	0.000000	24.538569	0.000000	14.2
235	-0.688666	0.000000	24.538569	0.000000	9.2
236	-0.688666	0.000000	24.538569	0.000000	6.5
237	-0.688666	0.000000	24.538569	0.000000	8.1
238	-0.688666	0.000000	24.538569	0.000000	5.6
239	-0.688666	0.000000	24.538569	0.000000	5.8
240	-0.688666	0.000000	24.538569	0.000000	5.5
241	-0.688666	0.000000	24.538569	0.000000	6.0
242	-0.688666	0.000000	24.538569	0.000000	6.1
243	-0.688666	0.000000	24.538569	0.000000	5.7
244	-0.688666	0.000000	24.538569	0.000000	15.9
245	-0.688666	0.000000	24.538569	0.000000	7.1
246	-0.688666	0.000000	24.538569	0.000000	5.8
247	-0.688666	0.000000	24.538569	0.000000	5.5
248	-0.688666	0.000000	24.538569	0.000000	6.2
249	-0.688666	0.000000	24.538569	0.000000	8.2
250	-0.688666	0.000000	24.538569	0.000000	11.6
251	-0.688666	0.000000	24.538569	0.000000	10.5
252	-0.688666	0.000000	24.538569	0.000000	8.0
253	-0.688666	0.000000	24.538569	0.000000	6.5
254	-0.688666	0.000000	24.538569	0.000000	8.6
255	-0.688666	0.000000	24.538569	0.000000	8.3
256	-0.688666	0.000000	24.538569	0.000000	7.4
257	-0.688666	0.000000	24.538569	0.000000	9.0
258	-0.688666	0.000000	24.538569	0.000000	9.3
259	-0.688666	0.000000	24.538569	0.000000	8.4
260	-0.688666	0.000000	24.538569	0.000000	8.3
261	-0.688666	0.000000	24.538569	0.000000	8.6
262	-0.688666	0.000000	24.538569	0.000000	9.0
263	-0.688666	0.000000	24.538569	0.000000	9.7
264	-0.688666	0.000000	24.538569	0.000000	8.9
265	-0.688666	0.000000	24.538569	0.000000	8.2
266	-0.688666	0.000000	24.538569	0.000000	6.5
267	-0.688666	0.000000	24.538569	0.000000	9.3
268	-0.688666	0.000000	24.538569	0.000000	6.8
269	-0.688666	0.000000	24.538569	0.000000	7.2
270	-0.688666	0.000000	24.538569	0.000000	10.5
271	-0.688666	0.000000	24.538569	0.000000	11.4
272	-0.688666	0.000000	24.538569	0.000000	11.9
273	-0.688666	0.000000	24.538569	0.000000	13.2
274	-0.688666	0.000000	24.538569	0.000000	14.9
275	-0.688666	0.000000	24.538569	0.000000	10.2
276	-0.688666	0.000000	24.538569	0.000000	5.8
277	-0.688666	0.000000	24.538569	0.000000	16.3
278	-0.688666	0.000000	24.538569	0.000000	5.9
279	-0.688666	0.000000	24.538569	0.000000	9.1
280	-0.688666	0.000000	24.538569	0.000000	11.9
281	-0.688666	0.000000	24.538569	0.000000	10.6
282	-0.688666	0.000000	24.538569	0.000000	11.3
283	-0.688666	0.000000	24.538569	0.000000	8.4
284	-0.688666	0.000000	24.538569	0.000000	8.0
285	-0.688666	0.000000	24.538569	0.000000	5.2
286	-0.688666	0.000000	24.538569	0.000000	8.7
287	-0.688666	0.000000	24.538569	0.000000	9.3
288	-0.688666	0.000000	24.538569	0.000000	7.9
289	-0.688666	0.000000	24.538569	0.000000	8.1
290	-0.688666	0.000000	24.538569	0.000000	8.0
291	-0.688666	0.000000	24.538569	0.000000	10.0
292	-0.688666	0.000000	24.538569	0.000000	9.5
293	-0.688666	0.000000	24.538569	0.000000	10.7
294	-0.688666	0.000000	24.538569	0.000000	8.4
295	-0.688666	0.000000	24.538569	0.000000	10.2
296	-0.688666	0.000000	24.538569	0.000000	7.3
297	-0.688666	0.000000	24.538569	0.000000	8.1
298	-0.688666	0.000000	24.538569	0.000000	8.0
299	-0.688666	0.000000	24.538569	0.000000	9.7
300	-0.688666	0.000000	24.538569	0.000000	12.5
301	-0.688666	0.000000	24.538569	0.000000	14.0
302	-0.688666	0.000000	24.538569	0.000000	14.7
303	-0.688666	0.000000	24.538569	0.000000	11.3
304	-0.688666	0.000000	24.538569	0.000000	7.8
305	-0.688666	0.000000	24.538569	0.000000	7.3
306	-0.688666	0.000000	24.538569	0.000000	9.9
307	-0.688666	0.000000	24.538569	0.000000	10.7
308	-0.688666	0.000000	24.538569	0.000000	11.5
309	-0.688666	0.000000	24.538569	0.000000	12.9
310	-0.688666	0.000000	24.538569	0.000000	13.2
311	-0.688666	0.000000	24.538569	0.000000	11.7
312	-0.688666	0.000000	24.538569	0.000000	11.0
313	-0.688666	0.000000	24.538569	0.000000	12.9
314	-0.688666	0.000000	24.538569	0.000000	10.0
315	-0.688666	0.000000	24.538569	0.000000	15.7
316	-0.688666	0.000000	24.538569	0.000000	9.7
317	-0.688666	0.000000	24.538569	0.000000	8.1
318	-0.688666	0.000000	24.538569	0.000000	16.8
319	-0.688666	0.000000	24.538569	0.000000	10.5
320	-0.688666	0.000000	24.538569	0.000000	24.1
321	-0.688666	0.000000	24.538569	0.000000	11.6
322	-0.688666	0.000000	24.538569	0.000000	12.7
323	-0.688666	0.000000	24.538569	0.000000	7.6
324	-0.688666	0.000000	24.538569	0.000000	11.4
325	-0.688666	0.000000	24.538569	0.000000	8.2
326	-0.688666	0.000000	24.538569	0.000000	12.2
327	-0.688666	0.000000	24.538569	0.000000	9.8
328	-0.688666	0.000000	24.538569	0.000000	14.5
329	-0.688666	0.000000	24.538569	0.000000	20.3
330	-0.688666	0.000000	24.538569	0.000000	13.1
331	-0.688666	0.000000	24.538569	0.000000	8.9
332	-0.688666	0.000000	24.538569	0.000000	9.6
333	-0.688666	0.000000	24.538569	0.000000	12.0
334	-0.688666	0.000000	24.538569	0.000000	9.4
335	-0.688666	0.000000	24.538569	0.000000	12.5
336	-0.688666	0.000000	24.538569	0.000000	9.1
337	-0.688666	0.000000	24.538569	0.000000	9.3
338	-0.688666	0.000000	24.538569	0.000000	11.3
339	-0.688666	0.000000	24.538569	0.000000	9.4
340	-0.688666	0.000000	24.538569	0.000000	10.8
341	-0.688666	0.000000	24.538569	0.000000	14.5
342	-0.688666	0.000000	24.538569	0.000000	9.8
343	-0.688666	0.000000	24.538569	0.000000	14.4
344	-0.688666	0.000000	24.538569	0.000000	10.0
345	-0.688666	0.000000	24.538569	0.000000	6.3
346	-0.688666	0.000000	24.538569	0.000000	17.6
347	-0.688666	0.000000	24.538569	0.000000	10.1
348	-0.688666	0.000000	24.538569	0.000000	7.8
349	-0.688666	0.000000	24.538569	0.000000	14.2
350	-0.688666	0.000000	24.538569	0.000000	6.7
351	-0.688666	0.000000	24.538569	0.000000	6.8
352	-0.688666	0.000000	24.538569	0.000000	9.7
353	-0.688666	0.000000	24.538569	0.000000	13.1
354	-0.688666	0.000000	24.538569	0.000000	8.7
355	-0.688666	0.000000	24.538569	0.000000	10.1
356	-0.688666	0.000000	24.538569	0.000000	10.1
357	-0.688666	0.000000	24.538569	0.000000	11.5
358	-0.688666	0.000000	24.538569	0.000000	11.4
359	-0.688666	0.000000	24.538569	0.000000	8.6
360	-0.688666	0.000000	24.538569	0.000000	12.6
361	-0.688666	0.000000	24.538569	0.000000	10.9
362	-0.688666	0.000000	24.538569	0.000000	14.0
363	-0.688666	0.000000	24.538569	0.000000	7.1
364	-0.688666	0.000000	24.538569	0.000000	20.7
365	-0.688666	0.000000	24.538569	0.000000	7.4
366	-0.688666	0.000000	24.538569	0.000000	9.2
367	-0.688666	0.000000	24.538569	0.000000	5.5
368	-0.688666	0.000000	24.538569	0.000000	14.4
369	-0.688666	0.000000	24.538569	0.000000	5.2
370	-0.688666	0.000000	24.538569	0.000000	8.2
371	-0.688666	0.000000	24.538569	0.000000	6.3
372	-0.688666	0.000000	24.538569	0.000000	7.2
373	-0.688666	0.000000	24.538569	0.000000	14.8
374	-0.688666	0.000000	24.538569	0.000000	6.8
375	-0.688666	0.000000	24.538569	0.000000	7.7
376	-0.688666	0.000000	24.538569	0.000000	12.0
377	-0.688666	0.000000	24.538569	0.000000	9.4
378	-0.688666	0.000000	24.538569	0.000000	7.3
379	-0.688666	0.000000	24.538569	0.000000	10.5
380	-0.688666	0.000000	24.538569	0.000000	7.2
381	-0.688666	0.000000	24.538569	0.000000	8.0
382	-0.688666	0.000000	24.538569	0.000000	9.2
383	-0.688666	0.000000	24.538569	0.000000	12.0
384	-0.688666	0.000000	24.538569	0.000000	10.5
385	-0.688666	0.000000	24.538569	0.000000	8.9
386	-0.688666	0.000000	24.538569	0.000000	12.8
387	-0.688666	0.000000	24.538569	0.000000	9.7
388	-0.688666	0.000000	24.538569	0.000000	7.2
389	-0.688666	0.000000	24.538569	0.000000	7.3
390	-0.688666	0.000000	24.538569	0.000000	11.7
391	-0.688666	0.000000	24.538569	0.000000	7.9
392	-0.688666	0.000000	24.538569	0.000000	17.9
393	-0.688666	0.000000	24.538569	0.000000	10.0
394	-0.688666	0.000000	24.538569	0.000000	9.5
395	-0.688666	0.000000	24.538569	0.000000	10.3
396	-0.688666	0.000000	24.538569	0.000000	10.7
397	-0.688666	0.000000	24.538569	0.000000	16.0
398	-0.688666	0.000000	24.538569	0.000000	7.3
399	-0.688666	0.000000	24.538569	0.000000	5.4
400	-0.688666	0.000000	24.538569	0.000000	5.0
401	-0.688666	0.000000	24.538569	0.000000	7.5
402	-0.688666	0.000000	24.538569	0.000000	9.2
403	-0.688666	0.000000	24.538569	0.000000	8.0
404	-0.688666	0.000000	24.538569	0.000000	9.6
405	-0.688666	0.000000	24.538569	0.000000	8.3
406	-0.688666	0.000000	24.538569	0.000000	8.2
407	-0.688666	0.000000	24.538569	0.000000	13.6
408	-0.688666	0.000000	24.538569	0.000000	20.9
409	-0.688666	0.000000	24.538569	0.000000	11.8
410	-0.688666	0.000000	24.538569	0.000000	8.1
411	-0.688666	0.000000	24.538569	0.000000	9.7
412	-0.688666	0.000000	24.538569	0.000000	11.5
413	-0.688666	0.000000	24.538569	0.000000	8.9
414	-0.688666	0.000000	24.538569	0.000000	9.2
415	-0.688666	0.000000	24.538569	0.000000	6.6
416	-0.688666	0.000000	24.538569	0.000000	7.7
417	-0.688666	0.000000	24.538569	0.000000	10.1
418	-0.688666	0.000000	24.538569	0.000000	9.7
419	-0.688666	0.000000	24.538569	0.000000	10.3
420	-0.688666	0.000000	24.538569	0.000000	5.9
421	-0.688666	0.000000	24.538569	0.000000	6.6
422	-0.688666	0.000000	24.538569	0.000000	9.2
423	-0.688666	0.000000	24.538569	0.000000	9.6
424	-0.688666	0.000000	24.538569	0.000000	7.8
425	-0.688666	0.000000	24.538569	0.000000	14.9
426	-0.688666	0.000000	24.538569	0.000000	12.2
427	-0.688666	0.000000	24.538569	0.000000	11.1
428	-0.688666	0.000000	24.538569	0.000000	10.5
429	-0.688666	0.000000	24.538569	0.000000	9.5
430	-0.688666	0.000000	24.538569	0.000000	13.8
431	-0.688666	0.000000	24.538569	0.000000	6.7
432	-0.688666	0.000000	24.538569	0.000000	12.4
433	-0.688666	0.000000	24.538569	0.000000	9.9
434	-0.688666	0.000000	24.538569	0.000000	10.0
435	-0.688666	0.000000	24.538569	0.000000	8.4
436	-0.688666	0.000000	24.538569	0.000000	7.8
437	-0.688666	0.000000	24.538569	0.000000	14.2
438	-0.688666	0.000000	24.538569	0.000000	10.7
439	-0.688666	0.000000	24.538569	0.000000	9.4
440	-0.688666	0.000000	24.538569	0.000000	8.9
441	-0.688666	0.000000	24.538569	0.000000	10.2
442	-0.688666	0.000000	24.538569	0.000000	10.3
443	-0.688666	0.000000	24.538569	0.000000	7.9
444	-0.688666	0.000000	24.538569	0.000000	8.0
445	-0.688666	0.000000	24.538569	0.000000	8.3
446	-0.688666	0.000000	24.538569	0.000000	10.0
447	-0.688666	0.000000	24.538569	0.000000	6.1
448	-0.688666	0.000000	24.538569	0.000000	10.3
449	-0.688666	0.000000	24.538569	0.000000	7.6
450	-0.688666	0.000000	24.538569	0.000000	6.8
451	-0.688666	0.000000	24.538569	0.000000	5.9
452	-0.688666	0.000000	24.538569	0.000000	8.7
453	-0.688666	0.000000	24.538569	0.000000	6.6
454	-0.688666	0.000000	24.538569	0.000000	7.1
455	-0.688666	0.000000	24.538569	0.000000	10.2
456	-0.688666	0.000000	24.538569	0.000000	6.6
457	-0.688666	0.000000	24.538569	0.000000	11.1
458	-0.688666	0.000000	24.538569	0.000000	11.2
459	-0.688666	0.000000	24.538569	0.000000	8.8
460	-0.688666	0.000000	24.538569	0.000000	5.5
461	-0.688666	0.000000	24.538569	0.000000	9.6
462	-0.688666	0.000000	24.538569	0.000000	8.5
463	-0.688666	0.000000	24.538569	0.000000	6.7
464	-0.688666	0.000000	24.538569	0.000000	8.2
465	-0.688666	0.000000	24.538569	0.000000	6.8
466	-0.688666	0.000000	24.538569	0.000000	8.2
467	-0.688666	0.000000	24.538569	0.000000	9.5
468	-0.688666	0.000000	24.538569	0.000000	7.9
469	-0.688666	0.000000	24.538569	0.000000	10.4
470	-0.688666	0.000000	24.538569	0.000000	10.6
471	-0.688666	0.000000	24.538569	0.000000	8.7
472	-0.688666	0.000000	24.538569	0.000000	9.6
473	-0.688666	0.000000	24.538569	0.000000	6.3
474	-0.688666	0.000000	24.538569	0.000000	12.5
475	-0.688666	0.000000	24.538569	0.000000	8.5
476	-0.688666	0.000000	24.538569	0.000000	9.3
477	-0.688666	0.000000	24.538569	0.000000	11.5
478	-0.688666	0.000000	24.538569	0.000000	10.2
479	-0.688666	0.000000	24.538569	0.000000	12.0
480	-0.688666	0.000000	24.538569	0.000000	8.4
481	-0.688666	0.000000	24.538569	0.000000	9.9
482	-0.688666	0.000000	24.538569	0.000000	9.8
483	-0.688666	0.000000	24.538569	0.000000	11.4
484	-0.688666	0.000000	24.538569	0.000000	10.5
485	-0.688666	0.000000	24.538569	0.000000	11.7
486	-0.688666	0.000000	24.538569	0.000000	8.4
487	-0.688666	0.000000	24.538569	0.000000	11.7
488	-0.688666	0.000000	24.538569	0.000000	16.6
489	-0.688666	0.000000	24.538569	0.000000	10.3
490	-0.688666	0.000000	24.538569	0.000000	7.4
491	-0.688666	0.000000	24.538569	0.000000	8.2
492	-0.688666	0.000000	24.538569	0.000000	6.6
493	-0.688666	0.000000	24.538569	0.000000	9.4
494	-0.688666	0.000000	24.538569	0.000000	7.4
495	-0.688666	0.000000	24.538569	0.000000	20.3
496	-0.688666	0.000000	24.538569	0.000000	7.8
497	-0.688666	0.000000	24.538569	0.000000	7.0
498	-0.688666	0.000000	24.538569	0.000000	7.7
499	-0.688666	0.000000	24.538569	0.000000	9.2
500	-0.688666	0.000000	24.538569	0.000000	7.1
501	-0.688666	0.000000	24.538569	0.000000	10.1
502	-0.688666	0.000000	24.538569	0.000000	7.7
503	-0.688666	0.000000	24.538569	0.000000	7.6
504	-0.688666	0.000000	24.538569	0.000000	10.2
505	-0.688666	0.000000	24.538569	0.000000	8.8
506	-0.688666	0.000000	24.538569	0.000000	10.8
507	-0.688666	0.000000	24.538569	0.000000	9.7
508	-0.688666	0.000000	24.538569	0.000000	7.9
509	-0.688666	0.000000	24.538569	0.000000	8.7
510	-0.688666	0.000000	24.538569	0.000000	10.0
511	-0.688666	0.000000	24.538569	0.000000	8.3
512	-0.688666	0.000000	24.538569	0.000000	6.9
513	-0.688666	0.000000	24.538569	0.000000	7.6
514	-0.688666	0.000000	24.538569	0.000000	9.6
515	-0.688666	0.000000	24.538569	0.000000	7.7
516	-0.688666	0.000000	24.538569	0.000000	8.5
517	-0.688666	0.000000	24.538569	0.000000	6.3
518	-0.688666	0.000000	24.538569	0.000000	8.0
519	-0.688666	0.000000	24.538569	0.000000	6.9
520	-0.688666	0.000000	24.538569	0.000000	7.8
521	-0.688666	0.000000	24.538569	0.000000	6.4
522	-0.688666	0.000000	24.538569	0.000000	7.7
523	-0.688666	0.000000	24.538569	0.000000	5.7
524	-0.688666	0.000000	24.538569	0.000000	4.4
525	-0.688666	0.000000	24.538569	0.000000	10.9
526	-0.688666	0.000000	24.538569	0.000000	8.1
527	-0.688666	0.000000	24.538569	0.000000	7.5
528	-0.688666	0.000000	24.538569	0.000000	9.9
529	-0.688666	0.000000	24.538569	0.000000	30.3
530	-0.688666	0.000000	24.538569	0.000000	7.9
531	-0.688666	0.000000	24.538569	0.000000	11.6
532	-0.688666	0.000000	24.538569	0.000000	7.3
533	-0.688666	0.000000	24.538569	0.000000	9.7
534	-0.688666	0.000000	24.538569	0.000000	9.3
535	-0.688666	0.000000	24.538569	0.000000	7.6
536	-0.688666	0.000000	24.538569	0.000000	9.0
537	-0.688666	0.000000	24.538569	0.000000	6.8
538	-0.688666	0.000000	24.538569	0.000000	5.8
539	-0.688666	0.000000	24.538569	0.000000	7.6
540	-0.688666	0.000000	24.538569	0.000000	9.2
541	-0.688666	0.000000	24.538569	0.000000	10.1
542	-0.688666	0.000000	24.538569	0.000000	18.1
543	-0.688666	0.000000	24.538569	0.000000	10.0
544	-0.688666	0.000000	24.538569	0.000000	10.8
545	-0.688666	0.000000	24.538569	0.000000	10.8
546	-0.688666	0.000000	24.538569	0.000000	14.2
547	-0.688666	0.000000	24.538569	0.000000	10.5
548	-0.688666	0.000000	24.538569	0.000000	9.3
549	-0.688666	0.000000	24.538569	0.000000	9.7
550	-0.688666	0.000000	24.538569	0.000000	7.7
551	-0.688666	0.000000	24.538569	0.000000	11.3
552	-0.688666	0.000000	24.538569	0.000000	8.2
553	-0.688666	0.000000	24.538569	0.000000	10.3
554	-0.688666	0.000000	24.538569	0.000000	7.5
555	-0.688666	0.000000	24.538569	0.000000	8.8
556	-0.688666	0.000000	24.538569	0.000000	8.0
557	-0.688666	0.000000	24.538569	0.000000	7.9
558	-0.688666	0.000000	24.538569	0.000000	7.4
559	-0.688666	0.000000	24.538569	0.000000	8.9
560	-0.688666	0.000000	24.538569	0.000000	11.1
561	-0.688666	0.000000	24.538569	0.000000	7.5
562	-0.688666	0.000000	24.538569	0.000000	10.9
563	-0.688666	0.000000	24.538569	0.000000	6.2
564	-0.688666	0.000000	24.538569	0.000000	7.0
565	-0.688666	0.000000	24.538569	0.000000	7.4
566	-0.688666	0.000000	24.538569	0.000000	5.9
567	-0.688666	0.000000	24.538569	0.000000	8.8
568	-0.688666	0.000000	24.538569	0.000000	10.7
569	-0.688666	0.000000	24.538569	0.000000	9.0
570	-0.688666	0.000000	24.538569	0.000000	7.6
571	-0.688666	0.000000	24.538569	0.000000	9.4
572	-0.688666	0.000000	24.538569	0.000000	10.2
573	-0.688666	0.000000	24.538569	0.000000	23.4
574	-0.688666	0.000000	24.538569	0.000000	8.2
575	-0.688666	0.000000	24.538569	0.000000	8.0
576	-0.688666	0.000000	24.538569	0.000000	14.6
577	-0.688666	0.000000	24.538569	0.000000	9.2
578	-0.688666	0.000000	24.538569	0.000000	8.7
579	-0.688666	0.000000	24.538569	0.000000	12.6
580	-0.688666	0.000000	24.538569	0.000000	10.8
581	-0.688666	0.000000	24.538569	0.000000	8.1
582	-0.688666	0.000000	24.538569	0.000000	12.4
583	-0.688666	0.000000	24.538569	0.000000	10.8
584	-0.688666	0.000000	24.538569	0.000000	9.8
585	-0.688666	0.000000	24.538569	0.000000	8.8
586	-0.688666	0.000000	24.538569	0.000000	8.6
587	-0.688666	0.000000	24.538569	0.000000	10.0
588	-0.688666	0.000000	24.538569	0.000000	8.4
589	-0.688666	0.000000	24.538569	0.000000	9.0
590	-0.688666	0.000000	24.538569	0.000000	14.9
591	-0.688666	0.000000	24.538569	0.000000	8.6
592	-0.688666	0.000000	24.538569	0.000000	12.4
593	-0.688666	0.000000	24.538569	0.000000	8.2
594	-0.688666	0.000000	24.538569	0.000000	8.8
595	-0.688666	0.000000	24.538569	0.000000	7.4
596	-0.688666	0.000000	24.538569	0.000000	7.8
597	-0.688666	0.000000	24.538569	0.000000	9.2
598	-0.688666	0.000000	24.538569	0.000000	5.9
599	-0.688666	0.000000	24.538569	0.000000	9.0
600	-0.688666	0.000000	24.538569	0.000000	7.7
601	-0.688666	0.000000	24.538569	0.000000	8.8
602	-0.688666	0.000000	24.538569	0.000000	10.4
603	-0.688666	0.000000	24.538569	0.000000	8.1
604	-0.688666	0.000000	24.538569	0.000000	10.1
605	-0.688666	0.000000	24.538569	0.000000	5.0
606	-0.688666	0.000000	24.538569	0.000000	6.6
607	-0.688666	0.000000	24.538569	0.000000	11.9
608	-0.688666	0.000000	24.538569	0.000000	10.9
609	-0.688666	0.000000	24.538569	0.000000	13.7
610	-0.688666	0.000000	24.538569	0.000000	9.4
611	-0.688666	0.000000	24.538569	0.000000	8.2
612	-0.688666	0.000000	24.538569	0.000000	17.7
613	-0.688666	0.000000	24.538569	0.000000	6.2
614	-0.688666	0.000000	24.538569	0.000000	4.7
615	-0.688666	0.000000	24.538569	0.000000	5.8
616	-0.688666	0.000000	24.538569	0.000000	9.2
617	-0.688666	0.000000	24.538569	0.000000	10.3
618	-0.688666	0.000000	24.538569	0.000000	12.1
619	-0.688666	0.000000	24.538569	0.000000	14.4
620	-0.688666	0.000000	24.538569	0.000000	8.1
621	-0.688666	0.000000	24.538569	0.000000	9.6
622	-0.688666	0.000000	24.538569	0.000000	11.0
623	-0.688666	0.000000	24.538569	0.000000	21.0
624	-0.688666	0.000000	24.538569	0.000000	8.9
625	-0.688666	0.000000	24.538569	0.000000	9.5
626	-0.688666	0.000000	24.538569	0.000000	9.8
627	-0.688666	0.000000	24.538569	0.000000	10.1
628	-0.688666	0.000000	24.538569	0.000000	11.2
629	-0.688666	0.000000	24.538569	0.000000	8.7
630	-0.688666	0.000000	24.538569	0.000000	10.1
631	-0.688666	0.000000	24.538569	0.000000	9.0
632	-0.688666	0.000000	24.538569	0.000000	8.5
633	-0.688666	0.000000	24.538569	0.000000	6.5
634	-0.688666	0.000000	24.538569	0.000000	9.7
635	-0.688666	0.000000	24.538569	0.000000	9.2
636	-0.688666	0.000000	24.538569	0.000000	7.1
637	-0.688666	0.000000	24.538569	0.000000	5.0
638	-0.688666	0.000000	24.538569	0.000000	5.4
639	-0.688666	0.000000	24.538569	0.000000	6.4
640	-0.688666	0.000000	24.538569	0.000000	12.6
641	-0.688666	0.000000	24.538569	0.000000	6.9
642	-0.688666	0.000000	24.538569	0.000000	12.0
643	-0.688666	0.000000	24.538569	0.000000	13.1
644	-0.688666	0.000000	24.538569	0.000000	8.4
645	-0.688666	0.000000	24.538569	0.000000	8.1
646	-0.688666	0.000000	24.538569	0.000000	8.2
647	-0.688666	0.000000	24.538569	0.000000	9.0
648	-0.688666	0.000000	24.538569	0.000000	7.1
649	-0.688666	0.000000	24.538569	0.000000	7.4
650	-0.688666	0.000000	24.538569	0.000000	9.3
651	-0.688666	0.000000	24.538569	0.000000	10.9
652	-0.688666	0.000000	24.538569	0.000000	19.5
653	-0.688666	0.000000	24.538569	0.000000	12.1
654	-0.688666	0.000000	24.538569	0.000000	9.7
655	-0.688666	0.000000	24.538569	0.000000	12.9
656	-0.688666	0.000000	24.538569	0.000000	9.6
657	-0.688666	0.000000	24.538569	0.000000	6.5
658	-0.688666	0.000000	24.538569	0.000000	13.0
659	-0.688666	0.000000	24.538569	0.000000	8.1
660	-0.688666	0.000000	24.538569	0.000000	8.5
661	-0.688666	0.000000	24.538569	0.000000	9.5
662	-0.688666	0.000000	24.538569	0.000000	8.5
663	-0.688666	0.000000	24.538569	0.000000	25.6
664	-0.688666	0.000000	24.538569	0.000000	16.9
665	-0.688666	0.000000	24.538569	0.000000	22.9
666	-0.688666	0.000000	24.538569	0.000000	10.7
667	-0.688666	0.000000	24.538569	0.000000	12.0
668	-0.688666	0.000000	24.538569	0.000000	11.0
669	-0.688666	0.000000	24.538569	0.000000	8.6
670	-0.688666	0.000000	24.538569	0.000000	8.8
671	-0.688666	0.000000	24.538569	0.000000	8.8
672	-0.688666	0.000000	24.538569	0.000000	4.5
673	-0.688666	0.000000	24.538569	0.000000	5.2
674	-0.688666	0.000000	24.538569	0.000000	10.4
675	-0.688666	0.000000	24.538569	0.000000	7.1
676	-0.688666	0.000000	24.538569	0.000000	7.6
677	-0.688666	0.000000	24.538569	0.000000	9.8
678	-0.688666	0.000000	24.538569	0.000000	9.0
679	-0.688666	0.000000	24.538569	0.000000	12.8
680	-0.688666	0.000000	24.538569	0.000000	7.7
681	-0.688666	0.000000	24.538569	0.000000	8.5
682	-0.688666	0.000000	24.538569	0.000000	12.4
683	-0.688666	0.000000	24.538569	0.000000	10.0
684	-0.688666	0.000000	24.538569	0.000000	11.3
685	-0.688666	0.000000	24.538569	0.000000	11.1
686	-0.688666	0.000000	24.538569	0.000000	9.3
687	-0.688666	0.000000	24.538569	0.000000	12.3
688	-0.688666	0.000000	24.538569	0.000000	11.7
689	-0.688666	0.000000	24.538569	0.000000	10.9
690	-0.688666	0.000000	24.538569	0.000000	14.1
691	-0.688666	0.000000	24.538569	0.000000	8.7
692	-0.688666	0.000000	24.538569	0.000000	14.1
693	-0.688666	0.000000	24.538569	0.000000	10.9
694	-0.688666	0.000000	24.538569	0.000000	7.3
695	-0.688666	0.000000	24.538569	0.000000	9.6
696	-0.688666	0.000000	24.538569	0.000000	10.7
697	-0.688666	0.000000	24.538569	0.000000	10.3
698	-0.688666	0.000000	24.538569	0.000000	13.8
699	-0.688666	0.000000	24.538569	0.000000	8.1
700	-0.688666	0.000000	24.538569	0.000000	8.6
701	-0.688666	0.000000	24.538569	0.000000	7.0
702	-0.688666	0.000000	24.538569	0.000000	8.8
703	-0.688666	0.000000	24.538569	0.000000	9.1
704	-0.688666	0.000000	24.538569	0.000000	10.8
705	-0.688666	0.000000	24.538569	0.000000	12.1
706	-0.688666	0.000000	24.538569	0.000000	8.5
707	-0.688666	0.000000	24.538569	0.000000	12.1
708	-0.688666	0.000000	24.538569	0.000000	7.5
709	-0.688666	0.000000	24.538569	0.000000	9.8
710	-0.688666	0.000000	24.538569	0.000000	19.5
711	-0.688666	0.000000	24.538569	0.000000	14.5
712	-0.688666	0.000000	24.538569	0.000000	9.5
713	-0.688666	0.000000	24.538569	0.000000	7.7
714	-0.688666	0.000000	24.538569	0.000000	9.1
715	-0.688666	0.000000	24.538569	0.000000	9.6
716	-0.688666	0.000000	24.538569	0.000000	9.9
717	-0.688666	0.000000	24.538569	0.000000	7.3
718	-0.688666	0.000000	24.538569	0.000000	10.9
719	-0.688666	0.000000	24.538569	0.000000	11.4
720	-0.688666	0.000000	24.538569	0.000000	10.0
721	-0.688666	0.000000	24.538569	0.000000	11.1
722	-0.688666	0.000000	24.538569	0.000000	6.7
723	-0.688666	0.000000	24.538569	0.000000	9.9
724	-0.688666	0.000000	24.538569	0.000000	9.0
725	-0.688666	0.000000	24.538569	0.000000	9.6
726	-0.688666	0.000000	24.538569	0.000000	8.8
727	-0.688666	0.000000	24.538569	0.000000	11.6
728	-0.688666	0.000000	24.538569	0.000000	9.2
729	-0.688666	0.000000	24.538569	0.000000	12.6
730	-0.688666	0.000000	24.538569	0.000000	10.8
731	-0.688666	0.000000	24.538569	0.000000	10.9
732	-0.688666	0.000000	24.538569	0.000000	10.9
733	-0.688666	0.000000	24.538569	0.000000	9.4
734	-0.688666	0.000000	24.538569	0.000000	11.5
735	-0.688666	0.000000	24.538569	0.000000	8.9
736	-0.688666	0.000000	24.538569	0.000000	8.9
737	-0.688666	0.000000	24.538569	0.000000	11.8
738	-0.688666	0.000000	24.538569	0.000000	8.7
739	-0.688666	0.000000	24.538569	0.000000	7.3
740	-0.688666	0.000000	24.538569	0.000000	19.3
741	-0.688666	0.000000	24.538569	0.000000	5.8
742	-0.688666	0.000000	24.538569	0.000000	7.8
743	-0.688666	0.000000	24.538569	0.000000	12.3
744	-0.688666	0.000000	24.538569	0.000000	8.1
745	-0.688666	0.000000	24.538569	0.000000	9.3
746	-0.688666	0.000000	24.538569	0.000000	7.1
747	-0.688666	0.000000	24.538569	0.000000	6.2
748	-0.688666	0.000000	24.538569	0.000000	17.0
749	-0.688666	0.000000	24.538569	0.000000	9.1
750	-0.688666	0.000000	24.538569	0.000000	6.2
751	-0.688666	0.000000	24.538569	0.000000	10.2
752	-0.688666	0.000000	24.538569	0.000000	11.8
753	-0.688666	0.000000	24.538569	0.000000	12.8
754	-0.688666	0.000000	24.538569	0.000000	12.5
755	-0.688666	0.000000	24.538569	0.000000	13.6
756	-0.688666	0.000000	24.538569	0.000000	12.1
757	-0.688666	0.000000	24.538569	0.000000	9.2
758	-0.688666	0.000000	24.538569	0.000000	6.4
759	-0.688666	0.000000	24.538569	0.000000	8.4
760	-0.688666	0.000000	24.538569	0.000000	8.9
761	-0.688666	0.000000	24.538569	0.000000	10.3
762	-0.688666	0.000000	24.538569	0.000000	10.1
763	-0.688666	0.000000	24.538569	0.000000	11.5
764	-0.688666	0.000000	24.538569	0.000000	6.2
765	-0.688666	0.000000	24.538569	0.000000	8.1
766	-0.688666	0.000000	24.538569	0.000000	7.3
767	-0.688666	0.000000	24.538569	0.000000	8.5
768	-0.688666	0.000000	24.538569	0.000000	7.0
769	-0.688666	0.000000	24.538569	0.000000	9.5
770	-0.688666	0.000000	24.538569	0.000000	8.3
771	-0.688666	0.000000	24.538569	0.000000	8.2
772	-0.688666	0.000000	24.538569	0.000000	6.7
773	-0.688666	0.000000	24.538569	0.000000	10.0
774	-0.688666	0.000000	24.538569	0.000000	11.5
775	-0.688666	0.000000	24.538569	0.000000	9.1
776	-0.688666	0.000000	24.538569	0.000000	8.4
777	-0.688666	0.000000	24.538569	0.000000	8.2
778	-0.688666	0.000000	24.538569	0.000000	7.7
779	-0.688666	0.000000	24.538569	0.000000	8.9
780	-0.688666	0.000000	24.538569	0.000000	9.9
781	-0.688666	0.000000	24.538569	0.000000	18.3
782	-0.688666	0.000000	24.538569	0.000000	7.8
783	-0.688666	0.000000	24.538569	0.000000	8.8
784	-0.688666	0.000000	24.538569	0.000000	8.9
785	-0.688666	0.000000	24.538569	0.000000	6.0
786	-0.688666	0.000000	24.538569	0.000000	12.7
787	-0.688666	0.000000	24.538569	0.000000	8.5
788	-0.688666	0.000000	24.538569	0.000000	9.1
789	-0.688666	0.000000	24.538569	0.000000	9.1
790	-0.688666	0.000000	24.538569	0.000000	9.2
791	-0.688666	0.000000	24.538569	0.000000	7.6
792	-0.688666	0.000000	24.538569	0.000000	7.9
793	-0.688666	0.000000	24.538569	0.000000	11.3
794	-0.688666	0.000000	24.538569	0.000000	10.7
795	-0.688666	0.000000	24.538569	0.000000	12.7
796	-0.688666	0.000000	24.538569	0.000000	11.4
797	-0.688666	0.000000	24.538569	0.000000	8.0
798	-0.688666	0.000000	24.538569	0.000000	7.9
799	-0.688666	0.000000	24.538569	0.000000	7.4
800	-0.688666	0.000000	24.538569	0.000000	10.8
801	-0.688666	0.000000	24.538569	0.000000	9.0
802	-0.688666	0.000000	24.538569	0.000000	8.9
803	-0.688666	0.000000	24.538569	0.000000	10.0
804	-0.688666	0.000000	24.538569	0.000000	9.3
805	-0.688666	0.000000	24.538569	0.000000	8.1
806	-0.688666	0.000000	24.538569	0.000000	10.8
807	-0.688666	0.000000	24.538569	0.000000	8.8
808	-0.688666	0.000000	24.538569	0.000000	10.3
809	-0.688666	0.000000	24.538569	0.000000	9.6
810	-0.688666	0.000000	24.538569	0.000000	11.4
811	-0.688666	0.000000	24.538569	0.000000	8.3
812	-0.688666	0.000000	24.538569	0.000000	9.5
813	-0.688666	0.000000	24.538569	0.000000	8.8
814	-0.688666	0.000000	24.538569	0.000000	10.0
815	-0.688666	0.000000	24.538569	0.000000	9.1
816	-0.688666	0.000000	24.538569	0.000000	9.3
817	-0.688666	0.000000	24.538569	0.000000	8.0
818	-0.688666	0.000000	24.538569	0.000000	9.7
819	-0.688666	0.000000	24.538569	0.000000	9.8
820	-0.688666	0.000000	24.538569	0.000000	10.8
821	-0.688666	0.000000	24.538569	0.000000	6.8
822	-0.688666	0.000000	24.538569	0.000000	9.9
823	-0.688666	0.000000	24.538569	0.000000	5.7
824	-0.688666	0.000000	24.538569	0.000000	8.9
825	-0.688666	0.000000	24.538569	0.000000	7.6
826	-0.688666	0.000000	24.538569	0.000000	8.4
827	-0.688666	0.000000	24.538569	0.000000	10.6
828	-0.688666	0.000000	24.538569	0.000000	9.4
829	-0.688666	0.000000	24.538569	0.000000	8.0
830	-0.688666	0.000000	24.538569	0.000000	6.6
831	-0.688666	0.000000	24.538569	0.000000	8.8
832	-0.688666	0.000000	24.538569	0.000000	5.8
833	-0.688666	0.000000	24.538569	0.000000	13.1
834	-0.688666	0.000000	24.538569	0.000000	9.0
835	-0.688666	0.000000	24.538569	0.000000	11.8
836	-0.688666	0.000000	24.538569	0.000000	9.6
837	-0.688666	0.000000	24.538569	0.000000	6.7
838	-0.688666	0.000000	24.538569	0.000000	7.0
839	-0.688666	0.000000	24.538569	0.000000	8.3
840	-0.688666	0.000000	24.538569	0.000000	8.0
841	-0.688666	0.000000	24.538569	0.000000	8.3
842	-0.688666	0.000000	24.538569	0.000000	8.8
843	-0.688666	0.000000	24.538569	0.000000	8.4
844	-0.688666	0.000000	24.538569	0.000000	8.9
845	-0.688666	0.000000	24.538569	0.000000	9.6
846	-0.688666	0.000000	24.538569	0.000000	7.9
847	-0.688666	0.000000	24.538569	0.000000	10.3
848	-0.688666	0.000000	24.538569	0.000000	8.8
849	-0.688666	0.000000	24.538569	0.000000	8.8
850	-0.688666	0.000000	24.538569	0.000000	8.0
851	-0.688666	0.000000	24.538569	0.000000	4.8
852	-0.688666	0.000000	24.538569	0.000000	7.2
853	-0.688666	0.000000	24.538569	0.000000	6.0
854	-0.688666	0.000000	24.538569	0.000000	12.8
855	-0.688666	0.000000	24.538569	0.000000	13.8
856	-0.688666	0.000000	24.538569	0.000000	11.9
857	-0.688666	0.000000	24.538569	0.000000	11.4
858	-0.688666	0.000000	24.538569	0.000000	13.6
859	-0.688666	0.000000	24.538569	0.000000	15.8
860	-0.688666	0.000000	24.538569	0.000000	11.7
861	-0.688666	0.000000	24.538569	0.000000	11.1
862	-0.688666	0.000000	24.538569	0.000000	12.1
863	-0.688666	0.000000	24.538569	0.000000	10.8
864	-0.688666	0.000000	24.538569	0.000000	8.4
865	-0.688666	0.000000	24.538569	0.000000	9.8
866	-0.688666	0.000000	24.538569	0.000000	14.1
867	-0.688666	0.000000	24.538569	0.000000	12.6
868	-0.688666	0.000000	24.538569	0.000000	11.4
869	-0.688666	0.000000	24.538569	0.000000	13.4
870	-0.688666	0.000000	24.538569	0.000000	11.6
871	-0.688666	0.000000	24.538569	0.000000	12.6
872	-0.688666	0.000000	24.538569	0.000000	13.0
873	-0.688666	0.000000	24.538569	0.000000	12.1
874	-0.688666	0.000000	24.538569	0.000000	9.3
875	-0.688666	0.000000	24.538569	0.000000	9.1
876	-0.688666	0.000000	24.538569	0.000000	11.2
877	-0.688666	0.000000	24.538569	0.000000	9.1
878	-0.688666	0.000000	24.538569	0.000000	6.6
879	-0.688666	0.000000	24.538569	0.000000	5.8
880	-0.688666	0.000000	24.538569	0.000000	8.1
881	-0.688666	0.000000	24.538569	0.000000	7.5
882	-0.688666	0.000000	24.538569	0.000000	8.8
883	-0.688666	0.000000	24.538569	0.000000	14.1
884	-0.688666	0.000000	24.538569	0.000000	8.1
885	-0.688666	0.000000	24.538569	0.000000	11.7
886	-0.688666	0.000000	24.538569	0.000000	9.6
887	-0.688666	0.000000	24.538569	0.000000	13.0
888	-0.688666	0.000000	24.538569	0.000000	10.9
889	-0.688666	0.000000	24.538569	0.000000	13.1
890	-0.688666	0.000000	24.538569	0.000000	11.5
891	-0.688666	0.000000	24.538569	0.000000	6.9
892	-0.688666	0.000000	24.538569	0.000000	8.0
893	-0.688666	0.000000	24.538569	0.000000	8.3
894	-0.688666	0.000000	24.538569	0.000000	9.2
895	-0.688666	0.000000	24.538569	0.000000	7.6
896	-0.688666	0.000000	24.538569	0.000000	8.2
897	-0.688666	0.000000	24.538569	0.000000	10.3
898	-0.688666	0.000000	24.538569	0.000000	9.7
899	-0.688666	0.000000	24.538569	0.000000	8.6
900	-0.688666	0.000000	24.538569	0.000000	9.1
901	-0.688666	0.000000	24.538569	0.000000	7.8
902	-0.688666	0.000000	24.538569	0.000000	9.1
903	-0.688666	0.000000	24.538569	0.000000	6.5
904	-0.688666	0.000000	24.538569	0.000000	9.6
905	-0.688666	0.000000	24.538569	0.000000	11.5
906	-0.688666	0.000000	24.538569	0.000000	10.3
907	-0.688666	0.000000	24.538569	0.000000	8.6
908	-0.688666	0.000000	24.538569	0.000000	9.8
909	-0.688666	0.000000	24.538569	0.000000	9.5
910	-0.688666	0.000000	24.538569	0.000000	18.6
911	-0.688666	0.000000	24.538569	0.000000	12.3
912	-0.688666	0.000000	24.538569	0.000000	11.6
913	-0.688666	0.000000	24.538569	0.000000	9.7
914	-0.688666	0.000000	24.538569	0.000000	11.6
915	-0.688666	0.000000	24.538569	0.000000	8.1
916	-0.688666	0.000000	24.538569	0.000000	10.2
917	-0.688666	0.000000	24.538569	0.000000	10.3
918	-0.688666	0.000000	24.538569	0.000000	12.9
919	-0.688666	0.000000	24.538569	0.000000	13.7
920	-0.688666	0.000000	24.538569	0.000000	10.3
921	-0.688666	0.000000	24.538569	0.000000	8.9
922	-0.688666	0.000000	24.538569	0.000000	9.5
923	-0.688666	0.000000	24.538569	0.000000	7.0
924	-0.688666	0.000000	24.538569	0.000000	6.9
925	-0.688666	0.000000	24.538569	0.000000	7.8
926	-0.688666	0.000000	24.538569	0.000000	8.7
927	-0.688666	0.000000	24.538569	0.000000	11.4
928	-0.688666	0.000000	24.538569	0.000000	16.4
929	-0.688666	0.000000	24.538569	0.000000	13.0
930	-0.688666	0.000000	24.538569	0.000000	8.0
931	-0.688666	0.000000	24.538569	0.000000	8.2
932	-0.688666	0.000000	24.538569	0.000000	8.1
933	-0.688666	0.000000	24.538569	0.000000	10.0
934	-0.688666	0.000000	24.538569	0.000000	11.7
935	-0.688666	0.000000	24.538569	0.000000	8.9
936	-0.688666	0.000000	24.538569	0.000000	8.9
937	-0.688666	0.000000	24.538569	0.000000	9.0
938	-0.688666	0.000000	24.538569	0.000000	9.8
939	-0.688666	0.000000	24.538569	0.000000	7.1
940	-0.688666	0.000000	24.538569	0.000000	9.7
941	-0.688666	0.000000	24.538569	0.000000	7.8
942	-0.688666	0.000000	24.538569	0.000000	8.0
943	-0.688666	0.000000	24.538569	0.000000	7.2
944	-0.688666	0.000000	24.538569	0.000000	7.9
945	-0.688666	0.000000	24.538569	0.000000	7.1
946	-0.688666	0.000000	24.538569	0.000000	8.1
947	-0.688666	0.000000	24.538569	0.000000	8.0
948	-0.688666	0.000000	24.538569	0.000000	8.1
949	-0.688666	0.000000	24.538569	0.000000	17.5
950	-0.688666	0.000000	24.538569	0.000000	7.4
951	-0.688666	0.000000	24.538569	0.000000	14.2
952	-0.688666	0.000000	24.538569	0.000000	11.7
953	-0.688666	0.000000	24.538569	0.000000	11.3
954	-0.688666	0.000000	24.538569	0.000000	6.4
955	-0.688666	0.000000	24.538569	0.000000	10.9
956	-0.688666	0.000000	24.538569	0.000000	10.8
957	-0.688666	0.000000	24.538569	0.000000	11.6
958	-0.688666	0.000000	24.538569	0.000000	8.1
959	-0.688666	0.000000	24.538569	0.000000	9.0
960	-0.688666	0.000000	24.538569	0.000000	9.6
961	-0.688666	0.000000	24.538569	0.000000	6.7
962	-0.688666	0.000000	24.538569	0.000000	7.7
963	-0.688666	0.000000	24.538569	0.000000	9.3
964	-0.688666	0.000000	24.538569	0.000000	10.4
965	-0.688666	0.000000	24.538569	0.000000	5.9
966	-0.688666	0.000000	24.538569	0.000000	7.5
967	-0.688666	0.000000	24.538569	0.000000	7.2
968	-0.688666	0.000000	24.538569	0.000000	9.1
969	-0.688666	0.000000	24.538569	0.000000	8.7
970	-0.688666	0.000000	24.538569	0.000000	8.8
971	-0.688666	0.000000	24.538569	0.000000	8.8
972	-0.688666	0.000000	24.538569	0.000000	7.5
973	-0.688666	0.000000	24.538569	0.000000	8.3
974	-0.688666	0.000000	24.538569	0.000000	7.5
975	-0.688666	0.000000	24.538569	0.000000	7.4
976	-0.688666	0.000000	24.538569	0.000000	10.1
977	-0.688666	0.000000	24.538569	0.000000	9.0
978	-0.688666	0.000000	24.538569	0.000000	8.4
979	-0.688666	0.000000	24.538569	0.000000	8.0
980	-0.688666	0.000000	24.538569	0.000000	8.5
981	-0.688666	0.000000	24.538569	0.000000	7.6
982	-0.688666	0.000000	24.538569	0.000000	8.5
983	-0.688666	0.000000	24.538569	0.000000	8.8
984	-0.688666	0.000000	24.538569	0.000000	12.7
985	-0.688666	0.000000	24.538569	0.000000	11.9
986	-0.688666	0.000000	24.538569	0.000000	10.2
987	-0.688666	0.000000	24.538569	0.000000	7.8
988	-0.688666	0.000000	24.538569	0.000000	9.9
989	-0.688666	0.000000	24.538569	0.000000	12.4
990	-0.688666	0.000000	24.538569	0.000000	17.6
991	-0.688666	0.000000	24.538569	0.000000	9.4
992	-0.688666	0.000000	24.538569	0.000000	8.2
993	-0.688666	0.000000	24.538569	0.000000	13.4
994	-0.688666	0.000000	24.538569	0.000000	9.3
995	-0.688666	0.000000	24.538569	0.000000	8.5
996	-0.688666	0.000000	24.538569	0.000000	10.4
997	-0.688666	0.000000	24.538569	0.000000	7.9
998	-0.688666	0.000000	24.538569	0.000000	8.4
999	-0.688666	0.000000	24.538569	0.000000	7.1
